#{"t_start": 1777935673.1586428, "env_id": "None"}
r,l,t
-5.809658,23,3.130415
6.584048,351,4.081565
0.436731,139,4.453589
-2.388172,154,4.887231
-4.967154,267,5.676061
1.529019,318,9.228562
-6.038672,97,9.465595
-10.408888,326,10.314113
-7.222683,133,10.775654
-11.871505,271,13.454015
-8.052289,1,13.479974
-76.633029,507,16.518241
-8.341273,8,16.56223
-1.915421,44,16.732167
23.244824,299,17.738407
5.760104,214,18.466292
0.978467,321,19.519848
-4.417827,35,19.617937
-1.560333,59,19.797475
16.163875,230,21.765486
3.423262,198,22.467476
10.411903,107,24.679432
-71.47731,180,25.383747
7.511907,67,25.638591
-4.227622,14,25.709476
-0.071145,32,25.8223
5.674279,91,26.269177
15.523317,170,26.919655
12.97164,66,27.172522
-2.036039,41,27.373108
28.667115,170,28.191412
-16.028858,1,28.236897
4.006539,53,28.539361
5.832117,41,29.939266
23.286682,106,30.346337
1.697944,43,30.596102
17.142824,150,31.410304
9.97632,60,31.627712
-7.895317,32,31.830559
52.66043,142,32.604034
-0.358304,39,32.802898
-71.994226,140,33.307047
3.222128,52,33.626957
10.14775,48,33.832009
11.35718,85,34.225567
-7.546918,31,34.405842
12.04446,63,34.709492
6.391004,44,34.981178
40.643616,169,37.473448
25.982287,107,39.038208
-8.046918,1,39.118267
7.58188,122,39.773114
1.789116,47,40.102939
-8.046189,1,40.126961
5.066739,48,40.405604
7.078778,61,40.696168
9.019841,134,41.261382
15.170177,73,41.601483
3.994866,43,41.833537
8.497405,137,42.498112
-2.857053,30,42.600444
28.571866,76,43.06142
5.668785,92,43.601731
13.963443,60,43.935711
25.189642,86,44.387186
-1.459978,27,44.469867
3.062267,44,44.758535
0.604387,73,45.098293
-8.031851,1,45.124543
10.288107,96,46.708751
20.333532,80,47.119153
4.090971,46,47.377942
12.357424,195,48.209447
21.709618,131,48.863823
9.869269,99,49.338314
2.82153,59,51.491889
18.331763,101,52.095492
12.803519,74,52.444754
12.258729,79,52.805645
13.204036,61,53.020302
9.466427,56,53.289056
1.830281,36,53.520874
27.39528,127,54.17564
4.778255,37,55.488184
23.25603,67,55.893651
36.193012,111,56.471745
-3.928842,23,56.629435
12.87475,75,56.90122
3.759429,45,57.164954
3.517561,37,57.377078
33.198089,102,57.849556
9.900178,51,58.133365
17.228318,51,58.367254
46.479902,152,59.119632
40.024093,94,59.604803
29.775584,120,60.161789
1.870843,42,60.362448
27.200361,77,60.754006
1.114213,49,61.039891
9.424142,53,61.361499
24.575124,139,63.451305
13.630856,54,63.766956
-6.631689,17,63.845112
21.53823,60,64.248524
3.03738,37,64.434448
2.558187,65,66.513131
17.590631,83,66.939037
28.681276,81,67.283166
-2.395587,19,67.406491
21.012802,66,67.70083
22.702309,60,67.908337
6.167257,35,68.097044
12.765734,71,68.365061
4.475642,35,68.515881
25.56666,68,68.768147
2.852054,29,68.928614
32.950748,114,69.303212
-16.083084,1,69.329394
28.806644,109,69.935484
46.411018,151,70.700044
60.569298,131,72.705098
28.12962,112,73.310712
93.023285,230,74.295533
41.656798,98,74.780116
-1.156753,21,74.891533
15.616266,82,75.267719
11.308666,75,75.553971
3.642192,35,75.728682
23.854861,81,76.103497
23.832379,84,76.502866
27.045127,76,76.797999
2.866727,48,76.973151
42.363758,85,79.09717
24.411619,76,79.429632
65.81718,153,81.882507
41.191125,104,82.360397
18.667938,61,82.633552
22.974286,54,82.901603
43.043576,110,83.353651
60.314647,145,84.0403
3.255662,42,84.20727
17.279523,64,84.44992
12.627224,62,84.757808
37.876797,88,85.164797
1.841689,53,85.457541
10.017228,44,85.636824
44.553202,105,86.068568
74.392933,146,86.746099
53.498785,120,88.98701
93.947013,173,89.663973
18.868681,64,89.932835
51.241677,105,90.461457
26.325875,67,90.76238
101.463819,190,93.378997
43.167423,98,93.695218
63.853174,138,94.211385
67.997018,127,94.628172
206.207514,380,97.351966
42.525609,88,97.786145
79.387235,60,98.089155
94.516569,225,98.960543
56.127603,98,99.403519
174.097119,306,100.595464
105.140984,265,101.658842
37.665327,135,103.944962
39.075911,116,106.139534
93.929318,181,106.690439
13.053148,55,106.857447
61.157362,155,107.38946
96.55881,136,107.999405
12.627541,92,108.246475
67.016508,128,108.701939
14.414827,54,108.941365
65.933338,148,109.398798
199.06382,325,112.599947
110.518182,155,113.159019
42.213279,107,113.575811
36.770908,76,113.916447
13.878828,66,114.162363
43.004197,101,114.470273
222.70466,378,117.483617
253.578126,396,121.210178
215.696444,323,122.254435
198.715231,311,123.510779
5.566857,28,123.642599
189.415403,338,124.78209
199.429383,263,128.740772
23.435527,53,128.926279
232.159313,308,131.743842
-16.050476,1,131.768834
-16.056105,1,131.79243
191.09639,290,132.567939
220.596158,322,133.632767
186.659127,278,138.132804
13.493498,42,138.337215
42.079129,92,138.588084
74.825613,156,139.115266
172.252303,227,139.875382
96.824265,173,140.36019
239.296197,345,145.793432
18.350738,53,145.94718
135.090936,176,146.484779
94.402925,155,147.069799
71.508138,133,147.522911
233.476879,302,148.5753
67.221784,124,148.960568
176.093088,274,151.643145
697.581584,593,153.734848
375.326224,498,157.130429
297.88437,324,161.076043
14.581074,52,161.207707
14.773363,49,161.409056
44.93006,81,161.72999
97.196954,160,162.273582
766.378637,960,166.358747
14.783489,43,166.530349
15.02621,40,166.632618
13.497728,41,166.90354
99.058904,140,169.113189
98.803888,148,169.518818
202.761939,281,170.424905
254.410163,272,171.367287
192.513221,250,175.405694
46.021709,69,175.601549
212.266726,273,176.419394
13.038306,46,176.578763
280.846267,340,177.621365
14.601658,43,177.823607
13.728347,37,177.98347
97.856731,145,178.437739
5.343824,30,178.551883
304.432515,321,184.197756
104.573243,129,184.644301
172.953066,207,185.514896
100.05555,124,185.967045
14.195554,56,186.212376
289.836003,334,187.404609
98.627928,133,187.766867
24.364074,62,189.434931
72.394372,98,189.741044
78.349596,118,190.063387
13.538108,38,190.194025
74.209936,60,190.383678
472.731441,482,193.834027
309.14515,350,194.813994
49.068052,71,197.9775
310.711098,346,199.082299
99.082034,137,199.619608
73.614021,106,199.960403
74.850542,106,200.26305
243.484911,257,200.996495
347.60403,394,207.288032
69.743718,87,207.593452
0.358898,24,207.688517
202.619895,204,210.107676
45.833997,69,210.377024
179.34039,202,211.026181
1060.931181,863,216.766139
380.695992,456,218.281638
68.722142,101,218.568769
12.543849,49,218.724066
45.066056,68,218.878518
706.161153,456,223.926922
3.277937,29,224.02263
97.42456,113,224.339449
67.725717,97,224.55138
63.194147,110,224.895681
355.019706,361,226.012758
95.980152,127,226.458897
286.730396,287,228.360524
290.27555,310,229.412133
14.455403,41,229.585571
167.276987,187,230.142426
68.814839,92,232.207154
59.049751,78,232.519882
363.876742,355,233.594806
237.781433,215,236.063304
70.383183,107,236.496138
74.511498,97,236.798244
100.339158,120,237.170381
67.368812,90,237.397876
70.44498,94,237.639526
227.169464,219,238.193638
227.684536,247,238.987281
362.984645,384,244.094365
68.705555,98,244.351841
-6.390212,12,244.396929
97.414086,116,244.846723
4.561734,27,244.949743
79.191041,99,245.335518
45.702206,66,245.573108
16.657079,43,245.777733
236.468359,211,246.327154
278.859913,262,247.143732
23.179261,45,247.286067
74.241145,82,247.49749
779.113723,748,252.011068
70.239584,94,252.343167
73.922449,84,252.676063
79.833855,58,254.700151
292.10947,276,257.022515
344.598822,327,257.981043
14.523724,47,258.164241
13.666161,38,258.271887
97.545438,114,258.656601
310.884812,298,259.715589
4.594659,25,259.809861
249.997943,236,260.672619
88.760474,98,261.061173
13.728687,42,261.199657
407.309972,394,265.858016
14.640011,42,265.995719
69.332448,98,268.060754
888.478617,535,269.679456
-3.366312,37,269.792361
13.668385,44,270.05412
96.4199,108,270.366411
22.026736,42,272.571377
79.455142,98,272.890197
320.132794,291,274.01318
45.810507,69,274.309717
403.529801,381,275.67028
1067.783888,751,281.801965
15.347762,34,281.922144
96.365201,109,282.247266
78.13906,96,282.501141
100.070098,115,282.863245
70.159179,88,283.076679
287.051732,269,283.957889
97.029198,118,284.331626
315.010221,280,286.699146
206.902286,192,287.354459
474.877853,415,288.771824
70.585548,83,290.881729
82.253333,50,291.058881
106.920168,100,291.392025
49.393498,68,291.587631
246.795602,215,294.551715
74.752826,89,294.849032
119.43452,106,295.165875
14.606528,39,295.27086
754.26559,620,297.245453
81.780166,46,297.41818
79.745991,95,297.712206
300.5628,247,300.200607
69.467762,85,300.477367
69.576667,89,300.718982
13.976809,39,300.911022
81.728072,96,303.078633
137.411977,126,303.611293
74.479921,96,303.879051
80.57297,54,304.026599
70.680307,89,304.344988
291.87745,238,305.137668
239.354069,201,305.77988
14.846325,40,309.257334
288.219972,229,309.977448
709.138534,383,311.166654
73.829782,79,311.488927
73.026788,74,311.691812
785.239075,632,316.55828
82.950172,49,316.750827
100.44957,100,317.099708
230.916078,181,317.578589
240.277588,191,318.189734
74.607745,87,318.600903
22.628269,50,318.76723
13.581676,41,318.953231
101.045593,103,319.352561
102.098621,113,319.769644
100.964982,108,320.231662
378.707069,315,323.191784
2.622317,32,323.293168
1071.41094,665,327.210509
240.091545,178,327.808951
76.594791,76,328.108758
229.444175,225,331.463778
238.319037,192,332.124556
14.327468,35,332.249415
14.940368,39,332.394853
79.997946,85,332.63668
15.165716,41,332.744189
21.121378,49,332.912148
572.027753,461,334.467013
427.394068,336,337.560345
45.644102,60,337.820467
1073.195235,624,341.462167
-16.050732,1,341.48845
72.677435,79,341.770267
69.112181,86,341.994567
101.603673,108,342.357852
341.203325,269,344.331328
72.154113,76,344.628039
1070.747726,650,346.80238
48.861876,60,347.049925
14.724654,39,347.287893
891.24915,473,352.437365
1073.404115,613,354.395621
79.946513,90,354.749257
81.255593,53,354.909616
67.188253,84,355.161258
101.520539,100,355.522855
254.687184,225,357.95469
80.037315,55,358.125509
93.807768,89,358.432456
238.614085,175,359.04131
140.510936,138,359.457387
91.688283,91,359.724272
243.208703,185,362.074665
69.765038,84,362.355215
563.302187,300,363.341078
80.562924,80,366.301307
70.44208,80,366.512097
175.409475,151,367.08342
74.920831,82,367.412004
101.320468,100,367.69353
229.73857,176,368.25155
69.375111,84,368.471361
708.972758,379,369.598485
101.303392,106,369.876151
378.561564,282,374.427896
655.382864,467,375.978307
49.11496,62,376.178578
241.117688,182,376.645672
230.825198,205,377.414638
22.194725,42,377.552453
107.581115,94,379.575336
21.573555,46,379.730046
101.558287,96,380.0687
787.75572,566,382.046597
22.571457,40,382.172579
74.166102,75,382.502812
66.731666,75,382.735735
-8.071048,1,382.762859
79.879156,86,384.848485
195.097554,150,385.381982
788.145637,563,389.390392
48.972334,68,389.550641
893.929422,462,390.89191
69.785221,84,391.190671
1073.297405,614,395.749542
44.217815,58,395.92363
105.293272,108,398.11424
105.147009,106,398.385214
1075.164453,601,402.204813
289.60604,221,402.911852
1074.43776,607,404.983475
182.980506,151,405.376758
79.787281,84,405.727895
106.231947,89,406.063968
281.817233,208,410.830559
81.716534,94,411.256938
22.64631,47,411.402513
895.288413,451,412.837754
711.617302,357,413.922643
46.458703,56,414.130205
15.227196,37,414.241922
3.626264,25,417.114496
101.428085,104,417.431254
109.44572,94,417.864562
117.923369,113,418.191995
101.68778,98,418.459702
56.086756,86,418.733082
1075.472583,596,422.389063
296.758198,211,425.687727
105.054342,97,425.979178
14.034882,32,426.068355
48.961442,62,426.263128
1077.149334,581,428.098607
46.562728,63,428.261895
240.952107,173,428.851192
1074.416953,608,432.415017
241.550435,178,434.784965
4.453784,29,434.923606
100.933066,96,435.249866
895.425304,437,436.745885
33.063633,96,439.304855
15.307077,40,439.460499
49.911999,57,439.695701
242.468707,169,440.197748
277.442531,197,440.794095
231.126656,197,441.33835
183.752095,162,441.804305
713.028355,338,442.867052
-16.019802,1,442.894254
1074.731704,604,448.171013
587.780218,417,449.491125
1075.509985,587,452.615621
893.945386,447,454.072772
68.132895,62,456.114716
1072.786725,596,460.262236
101.540229,96,460.518758
176.915407,134,460.971504
108.144657,113,461.300903
79.856463,82,461.692769
343.763183,243,462.531482
97.464065,94,462.874352
47.022371,58,463.136263
16.04595,38,463.265373
223.253559,191,463.905755
240.989801,167,467.476522
15.365261,33,467.589758
14.220776,35,467.682794
342.258498,229,470.069887
46.091328,61,470.211613
564.893014,268,470.995281
896.798076,424,472.158103
102.120015,97,472.443971
144.375369,131,476.118783
49.211535,62,476.30057
227.793125,201,476.964033
8.357048,84,477.315078
46.165883,56,477.469493
-8.078006,1,477.511054
282.998156,189,478.240457
1078.571076,577,484.770649
713.561971,335,485.711181
3.375296,24,485.779784
69.693715,83,485.996298
56.892454,78,486.222181
289.237351,210,486.850407
374.75511,263,487.632133
79.4355,80,487.901425
713.495138,338,490.769851
80.670567,52,490.98996
64.7068,68,491.206122
710.91658,349,494.070091
411.634299,279,494.885306
263.017524,194,495.554518
82.013867,44,495.70127
896.531702,419,499.460636
46.001606,62,499.606057
109.466615,108,499.929456
1076.130177,572,501.68374
408.425217,295,504.5035
80.866031,52,504.680072
49.244763,61,506.840316
22.338031,40,506.985328
224.00094,186,507.586555
58.291426,69,507.744435
184.0537,154,508.171249
50.081931,62,508.369424
297.429871,205,509.054326
14.903012,37,509.209134
50.283692,62,509.38876
241.046375,164,509.896959
713.314302,323,513.396837
47.370189,61,513.566639
118.694127,113,513.978965
4.736999,27,514.08165
13.873604,34,514.250441
297.302536,207,514.854328
70.984033,77,515.13447
342.725715,236,517.631647
109.17948,104,517.912532
-16.061661,1,517.939621
194.084726,140,520.72371
50.21722,64,520.873884
59.495217,78,521.136714
79.511182,71,521.348448
77.096665,54,521.526243
80.144838,58,521.682495
503.443733,237,522.524119
93.226434,78,522.781514
102.282443,107,523.074578
263.201778,209,523.696733
43.972988,64,523.896424
-8.030585,1,523.929738
504.207704,247,526.969168
1077.093347,551,530.402837
116.092175,113,530.801542
711.361138,325,531.826227
14.063698,30,531.916214
113.735203,92,532.178842
566.145412,267,535.206923
101.783315,97,535.523383
1077.734315,542,537.104864
47.133587,63,537.276358
123.660902,109,537.632739
310.57729,220,538.23496
70.111864,79,540.999288
504.169422,225,543.494711
274.167059,220,544.123752
116.562966,108,544.453733
15.069572,35,544.592343
219.363102,152,545.050127
16.085209,42,545.19386
49.67014,62,545.433551
5.998702,28,545.509119
22.187464,40,545.643537
118.732335,107,546.02375
71.252828,76,546.303139
71.079463,74,546.572554
409.687698,279,548.77112
713.63881,318,549.72812
714.946922,323,552.630683
74.656264,73,552.861501
46.258246,56,553.028935
79.917658,78,553.273114
291.266177,191,555.403108
48.598909,62,555.581239
242.021966,166,556.1145
288.472241,191,556.862048
262.504211,201,557.424859
342.870401,215,558.018859
79.829506,83,558.278911
239.798209,173,558.742309
80.702576,57,558.964809
505.368867,227,561.667725
503.70756,242,562.507301
712.804035,328,565.212787
303.350352,197,565.869077
109.297401,104,566.193851
790.004944,505,570.246578
49.778196,63,570.407948
58.529545,72,570.623773
79.817916,81,570.865014
289.216893,193,571.73049
4.603275,32,571.853953
323.848624,211,572.464504
80.301521,75,572.703118
220.850078,178,573.294509
110.749633,106,577.227878
105.847665,94,577.460687
712.222977,330,578.434095
148.72043,133,578.821521
9.321212,35,578.913666
413.466478,268,579.732701
597.977555,362,582.649143
291.056308,185,583.281532
577.92203,363,584.460828
4.75638,26,584.533455
116.196085,109,584.875236
412.230643,258,587.419527
850.514324,503,590.660084
413.247541,267,591.63677
240.863795,156,592.120537
217.630775,154,592.532624
117.866654,111,592.851867
228.919707,171,593.386352
305.316628,191,596.283458
22.670356,38,596.399349
715.170502,310,599.181257
80.974349,47,599.294676
863.617102,510,600.926335
283.97703,188,601.474098
82.410486,55,601.623627
15.422672,31,601.758789
296.954757,200,604.578574
116.47888,108,604.92237
116.561993,108,605.317301
91.064481,43,605.476357
58.192217,73,605.695587
567.349773,245,606.501381
3.430697,27,606.617984
70.973484,74,606.849078
105.47377,105,607.192941
37.603927,91,607.474749
225.014308,184,609.935778
118.47878,109,611.979197
108.695163,101,612.353313
807.502299,468,613.923368
715.298394,304,614.863072
241.856506,158,615.290873
147.588065,132,615.738908
504.618871,240,618.757756
116.990858,109,619.201384
199.413331,140,619.602689
68.625411,63,619.888322
5.924574,25,620.001567
413.52059,271,622.651619
225.279831,177,623.163936
218.04974,147,623.6957
312.717282,202,626.158994
1079.921805,511,627.823435
15.017532,39,628.028277
412.430025,258,628.821663
101.890144,95,629.249393
410.998107,248,632.784177
83.029675,50,633.020865
412.108859,257,635.569162
4.777135,27,635.639582
220.136783,148,636.106516
148.729237,122,636.464571
898.282651,389,637.569182
410.443491,253,639.833193
786.994862,469,641.214911
550.593771,329,642.200659
325.023021,206,642.853078
483.186458,297,647.858572
410.653445,261,648.745029
236.169023,180,649.386066
150.811853,124,649.762907
244.620679,159,650.272583
148.740561,125,650.583354
1081.020413,522,653.989419
329.093658,211,654.680287
232.124826,158,655.140527
713.508504,311,657.897966
141.913348,118,658.216431
70.320625,74,658.407191
202.143994,140,658.8407
640.659106,362,661.61381
106.012805,98,661.935166
105.291687,98,662.210334
1082.013602,483,663.672151
899.313465,386,666.648465
144.622237,116,668.985776
118.584382,98,669.319013
714.277562,300,670.278598
117.443793,97,670.698259
414.146734,252,671.651706
506.375358,223,672.399052
16.505789,34,672.494902
714.201973,310,674.705115
90.202653,91,674.91688
312.925277,202,675.484955
410.512303,252,676.303134
102.479566,87,678.412269
194.627657,152,678.85577
109.160834,105,679.185704
82.08573,50,679.352439
80.765504,55,681.606302
409.972385,248,682.303788
82.39501,50,682.493823
117.206088,106,682.90066
714.386893,314,683.816003
80.736979,73,684.02515
1081.46318,497,688.263766
304.71852,201,688.896853
15.516213,39,688.990958
49.467724,59,689.147073
118.838055,98,691.304296
344.468631,215,691.958894
245.706017,157,692.373414
408.895015,254,693.153444
116.909535,105,693.535011
14.993047,38,695.298981
22.420335,40,695.410861
1081.067269,494,696.856854
240.671053,160,697.338832
80.563487,77,697.555248
1082.244029,495,701.201067
897.215946,394,704.213148
254.934609,186,704.802158
1081.302244,514,706.293041
82.362147,49,706.441465
305.769893,196,709.076582
40.868613,84,709.318438
107.768568,86,709.55886
4.686589,27,709.773238
70.528035,73,709.985067
58.953046,72,710.211556
716.184238,306,711.059148
108.527098,86,713.164896
268.439075,172,713.72639
809.109013,464,716.890845
119.241658,106,717.2479
567.404382,254,718.095334
566.371814,256,718.868737
151.706705,131,719.253427
415.294818,251,720.04422
897.071782,394,723.565274
108.035752,86,725.615489
287.909138,177,726.262144
94.694812,84,726.611053
110.341598,98,726.922297
49.501406,57,727.125305
148.404604,124,727.555264
715.490299,292,731.100257
253.537473,167,731.624619
110.087951,97,731.955891
83.675463,45,732.163647
713.617247,294,733.098835
413.056022,255,733.907403
116.715717,102,734.1924
242.423716,155,734.677953
68.169825,68,736.694764
296.905906,194,739.615505
1081.489504,473,741.035858
150.21149,120,741.369625
47.05703,60,741.587275
81.327126,56,741.777773
92.801177,38,741.896245
149.641658,123,742.300767
290.437015,180,742.840136
565.89986,246,745.651239
59.123316,68,745.849061
102.579499,91,746.159166
15.543702,34,746.251866
566.588023,249,747.035651
414.88622,248,749.558142
370.96262,223,750.3322
225.759778,161,752.920378
606.661118,340,753.929095
1080.918452,496,755.334604
150.183833,123,755.657769
506.204979,215,756.460988
94.986938,88,758.7791
566.872648,245,761.249944
106.803516,100,761.537
1082.474506,486,763.040517
411.548429,251,763.790695
125.471945,108,764.122782
264.174117,183,766.675672
120.122676,101,766.971139
145.658026,118,767.332167
1084.324503,477,768.806299
896.217224,384,773.691306
72.723278,72,773.878971
506.832621,198,774.567291
899.374327,367,775.786128
73.711679,68,776.035684
411.74951,249,776.978924
49.544777,57,777.230886
268.328574,185,777.797088
266.537299,169,780.885065
714.490417,295,781.82027
716.129999,290,784.478642
564.859168,247,785.152144
567.65336,235,785.859159
231.309312,169,788.405696
22.357726,42,788.584061
898.419138,382,789.829245
105.73382,100,790.190147
313.027718,201,790.860905
125.718343,108,791.245981
109.616318,96,791.539563
900.193011,379,795.106469
414.541283,245,797.759028
15.559372,34,797.864827
342.642566,207,798.670934
116.549497,103,798.955933
46.379676,56,799.128628
1084.386499,475,802.825028
281.822468,189,803.452572
413.461389,243,804.104335
411.112259,248,804.947086
82.259421,49,805.103418
898.002825,376,807.972172
68.235057,72,808.282759
15.341351,34,808.39281
566.831588,247,811.784938
715.184539,301,812.671115
102.81431,89,812.944382
567.235973,242,813.642914
414.524288,251,814.388731
-16.079534,1,814.418009
58.406502,74,814.668393
715.758581,305,818.03763
79.973595,71,818.269968
713.531663,310,821.050886
259.321279,190,821.64673
81.525956,48,821.825537
101.823373,87,822.098024
92.868471,39,822.225048
22.683419,37,822.34269
288.542084,175,822.917389
297.394131,188,825.144044
106.920025,103,825.449097
80.946192,72,825.683582
212.437469,137,826.063241
413.852185,255,826.995298
507.167999,207,827.638262
566.2713,242,828.357578
276.920069,177,833.086974
898.262091,375,834.205296
102.818097,88,834.446095
565.813394,247,835.30334
506.878413,223,835.992407
1081.924341,472,839.636126
242.624803,160,840.026124
81.827126,49,840.221013
102.005508,91,840.540227
14.913115,38,840.676836
106.046398,92,840.96402
567.444756,238,843.485524
566.846426,247,844.178419
898.095864,389,847.651871
900.641191,370,848.772013
714.927568,301,849.623302
1082.153537,493,853.231938
16.384445,39,853.420886
81.345419,90,853.724788
228.366481,173,856.061407
372.122222,223,856.797164
117.00503,103,857.063564
125.056997,113,857.424163
261.065352,188,857.972275
124.543522,108,860.264865
118.23678,96,860.621257
288.663223,185,861.238499
242.420687,152,861.619103
121.461375,112,861.951638
92.438871,39,862.050971
566.098346,234,862.850869
109.883104,100,863.092395
105.786167,92,863.372283
566.644437,245,868.511399
899.452966,371,869.597799
116.712374,99,869.975982
715.795314,305,870.840378
414.709912,254,871.589133
313.676003,205,872.36158
714.14207,298,875.607293
898.626393,389,876.762794
1081.085713,487,879.9092
245.867948,157,882.029552
567.154123,247,882.751777
72.987356,71,883.02677
110.667713,102,883.326218
47.549847,55,883.559466
222.271792,163,884.114444
15.499705,40,884.293559
1081.40317,485,885.857391
142.828072,114,887.801672
102.238893,91,888.129864
117.018049,104,888.428977
795.729585,437,891.614828
121.437097,112,891.90212
80.30956,58,892.036946
781.041158,435,895.068089
102.762033,89,895.392292
714.54083,298,896.164067
223.714254,174,896.666666
715.533776,295,897.535314
568.340044,240,900.033306
118.41996,112,902.255318
899.940246,389,903.370118
82.26576,49,903.52038
82.975836,80,903.755496
90.927894,41,903.881604
283.953409,183,904.421339
284.439,187,904.988256
505.398914,218,905.663903
90.425352,39,905.810766
146.128827,114,908.014879
411.115071,248,908.811127
715.416604,305,909.707649
284.256474,177,912.042793
14.246919,33,912.180214
414.666266,254,912.976472
103.562414,88,913.286367
231.945995,171,915.853428
4.471407,27,915.94422
411.46918,251,916.802502
505.246929,217,917.384727
898.271862,380,918.56629
413.688233,253,919.314267
714.450351,295,923.55096
716.245015,288,924.381732
567.055596,239,925.08854
898.482133,377,926.323851
898.551544,392,930.180104
298.112404,180,930.749728
566.807382,250,931.615156
714.780634,291,934.437715
566.131144,244,937.400574
15.325208,35,937.538404
1084.144302,468,938.890857
1083.203078,468,940.446934
1082.924476,462,943.987173
150.055118,121,944.281461
49.98373,55,944.475849
325.287337,202,947.04495
415.474612,241,947.75116
121.451358,111,948.098043
504.916403,216,948.755973
120.219836,99,951.577737
117.272652,103,951.89086
16.567185,38,952.023872
16.477947,39,952.170207
116.952774,103,952.556629
413.121099,242,953.344445
124.162959,104,953.662484
142.832783,110,953.995394
232.300022,164,954.542398
90.291703,43,954.708622
566.331076,246,955.584445
16.275617,40,957.710009
125.344672,110,959.867969
17.869533,39,959.969671
566.936461,233,960.71298
272.246437,192,961.303831
411.017197,244,962.077849
898.095784,378,963.329975
143.019997,114,965.633058
1082.215967,470,966.97537
507.200107,206,967.53248
265.127042,183,969.858367
566.111873,243,970.571505
1082.61808,483,974.684181
315.536475,187,975.228673
507.536702,207,976.022093
1083.043649,500,979.441008
231.844743,165,979.953874
414.963362,245,982.624262
113.030793,95,982.92488
50.183849,58,983.123607
1082.385254,464,984.36354
716.317403,290,987.607669
344.338734,211,988.259665
78.750298,71,988.425962
1082.182383,473,989.877255
125.285817,112,990.160105
715.254588,293,994.618315
105.863832,82,994.877526
179.023279,128,995.343775
715.096514,297,996.216622
716.934246,288,997.133181
1082.07012,481,1000.14552
59.204486,75,1000.389252
232.234385,170,1000.87582
337.969296,205,1001.507716
434.969192,258,1002.318451
297.825055,181,1004.779119
75.179126,70,1004.937554
51.605869,71,1005.197125
715.693608,298,1008.320248
564.951727,239,1008.971176
896.987473,383,1010.197369
142.038603,111,1010.609966
4.12529,26,1010.772624
566.016212,241,1011.504681
713.945943,298,1014.178659
1083.331982,462,1017.382683
152.456039,120,1017.653701
342.375787,209,1018.234874
566.437403,235,1018.951877
412.515691,244,1022.14219
715.169257,296,1023.071867
566.121215,242,1023.829578
119.463005,97,1024.111332
1084.89845,468,1029.356054
415.21106,246,1030.07171
566.606699,233,1030.768682
290.574883,180,1031.284474
898.392656,366,1032.36307
4.596936,24,1032.434573
315.122918,189,1034.861016
81.595973,51,1035.060345
565.459466,237,1035.768339
120.193888,96,1036.043185
71.853533,75,1036.258636
505.503706,211,1038.778544
299.180149,184,1039.331484
109.608487,97,1039.618329
899.083724,373,1042.830051
415.277269,237,1043.683024
1083.546366,479,1045.05987
505.673059,210,1045.666195
414.825126,242,1048.659174
105.794601,93,1048.876422
414.098848,245,1051.422906
3.635456,24,1051.509608
69.961671,73,1051.800483
297.269537,184,1052.302589
106.29729,102,1052.574227
229.883736,170,1053.15206
81.407004,52,1053.353201
566.815006,242,1054.037609
232.598697,165,1057.427496
117.171685,105,1057.718385
898.264874,359,1058.807874
254.880692,180,1059.384494
16.554778,34,1059.478571
1083.063626,460,1064.417495
377.715108,221,1065.316923
263.352093,187,1065.914768
504.033411,211,1066.462056
152.200704,120,1066.886422
567.887024,240,1067.607029
1083.133897,477,1071.756977
566.749774,248,1072.438867
505.340459,212,1075.008839
151.92422,126,1075.349796
106.268075,84,1075.649111
82.516376,49,1075.748875
1083.503372,450,1079.260323
106.360666,83,1079.489375
410.441651,255,1080.259907
80.70969,78,1080.488327
125.89905,107,1080.919819
563.968068,250,1081.621464
261.930626,180,1082.191664
566.529739,237,1085.36594
487.688717,282,1088.072785
105.383202,96,1088.353225
145.29238,112,1088.725341
565.292116,251,1089.665752
507.507767,213,1090.342474
565.240078,243,1093.138766
1084.008658,456,1094.656221
374.965054,224,1095.326897
897.800293,374,1098.311999
78.992706,69,1098.529851
110.038105,102,1100.942119
715.594318,291,1101.870283
15.324354,37,1101.962246
102.226046,89,1102.287401
716.44119,288,1103.160147
105.022201,101,1103.395082
75.745356,72,1103.606791
116.628829,104,1103.968993
90.98063,43,1104.073046
231.682712,169,1104.591322
251.442846,161,1107.434439
579.305804,321,1108.450715
714.4745,294,1111.0881
506.350271,202,1111.629241
898.153369,366,1114.695191
8.243137,30,1114.778684
415.108513,243,1115.538269
242.168836,154,1116.002362
122.393624,108,1116.33995
567.234784,248,1117.189717
118.981662,95,1117.475529
566.795988,247,1118.344956
1084.245727,481,1123.731243
895.364529,389,1124.940781
81.294921,48,1125.052703
899.166338,381,1126.242217
80.9918,52,1129.763587
565.937129,240,1130.512661
898.369346,352,1131.573206
311.754688,196,1133.924681
536.347581,303,1134.773357
-16.047291,1,1134.80243
100.970672,96,1135.058255
713.494426,293,1138.498668
1081.645953,456,1139.838018
296.857912,188,1140.541289
898.084642,375,1144.606714
1080.925329,472,1147.842839
415.76812,244,1148.569262
117.88088,95,1148.798676
416.46493,246,1149.564061
266.27717,186,1152.990068
898.162219,366,1154.093657
314.421715,186,1154.553419
80.980908,55,1154.747927
715.686994,290,1155.56989
102.525018,86,1155.849333
333.155227,209,1158.297073
186.827186,144,1161.679408
316.968864,195,1162.252065
504.099965,215,1162.726804
715.663115,288,1163.568425
507.81998,292,1164.413457
898.814075,364,1167.046864
625.629321,368,1168.143464
224.255581,168,1170.348374
116.61613,100,1170.78345
296.96407,187,1171.297836
82.320978,54,1171.489599
110.921065,104,1171.80066
714.261648,286,1174.39389
92.751626,39,1174.521741
116.86918,102,1174.843846
87.784208,48,1175.059639
414.309595,254,1175.811361
414.143246,245,1176.492109
898.153333,379,1179.821526
109.910422,97,1180.169142
566.198308,247,1182.68176
506.448003,204,1183.215448
858.130414,459,1184.558071
566.989271,241,1187.745275
117.280703,103,1188.116077
867.735034,456,1189.646428
-16.046652,1,1189.670977
505.755714,211,1190.342817
228.661279,169,1190.897056
898.246364,381,1196.293995
506.416132,212,1196.90792
1082.933619,468,1198.37996
142.436236,114,1198.664271
92.276204,44,1198.827266
298.420346,182,1199.389821
715.650109,286,1202.356566
484.824761,281,1203.203776
715.838931,297,1205.930147
897.183179,380,1206.974678
505.489661,210,1210.293836
504.900808,211,1210.935401
1083.600954,467,1212.366343
229.483304,170,1212.895247
91.765235,44,1213.056653
566.177992,239,1213.707624
898.69124,364,1218.351986
566.270287,236,1219.060748
1082.315743,479,1220.499661
411.238755,253,1223.639566
294.35088,179,1224.156091
267.285719,187,1224.806279
109.499218,94,1225.138651
412.493987,245,1225.797045
312.097602,198,1228.243383
109.805976,98,1228.548464
566.033529,237,1231.403513
715.332758,296,1232.317832
506.836081,214,1232.903522
82.188902,54,1233.049519
245.391329,177,1233.552482
58.995905,71,1233.759831
155.629618,128,1234.271063
566.089846,236,1235.006178
506.337311,210,1237.705535
106.195095,99,1238.03784
153.59519,119,1238.38652
330.855677,208,1240.798887
60.402105,62,1240.9655
84.018214,77,1241.22962
330.76126,199,1241.773828
414.509225,241,1242.479783
255.677493,179,1245.576568
272.067644,185,1246.205791
1082.842529,474,1247.576732
505.103052,208,1248.147683
16.814565,36,1248.242795
119.264324,105,1248.533614
287.026205,172,1251.979903
1082.200975,460,1255.142974
1084.566408,454,1256.538782
566.805627,231,1257.180963
260.711666,186,1259.346793
566.025933,236,1260.028271
810.806429,444,1261.343849
504.970402,198,1263.742945
898.548051,366,1267.227317
898.910852,378,1268.337284
93.132729,42,1268.527434
312.986061,193,1269.07291
124.252231,113,1269.397108
714.78816,292,1270.240879
507.438913,200,1272.618801
16.525833,41,1272.76801
1084.595022,457,1276.17997
899.766925,364,1277.18678
267.831491,182,1277.732585
226.278552,167,1280.248881
715.842211,295,1281.120211
233.758753,161,1281.553998
1083.482428,474,1282.986387
322.475068,196,1283.519744
117.125687,97,1287.773965
89.849577,39,1287.903787
16.759192,38,1288.201112
233.085652,168,1288.872296
414.205434,245,1289.636926
506.753197,207,1290.394039
566.095725,237,1291.051817
716.505387,287,1291.895647
716.200847,283,1294.793598
1083.152533,462,1296.230654
81.414254,58,1298.198969
897.604886,369,1299.229363
332.066054,200,1302.076715
98.146994,54,1302.205435
505.852354,203,1302.902638
125.417692,106,1303.213222
337.231074,219,1303.846527
1084.138794,460,1305.265154
110.012703,98,1305.531668
577.655799,331,1310.880281
198.825654,153,1311.327356
118.490007,99,1311.661463
108.879617,99,1311.960422
505.494491,203,1312.488834
159.127358,118,1312.813936
413.547401,238,1313.534426
566.085288,244,1316.589189
504.500337,208,1317.162921
91.760185,39,1317.322056
505.547031,205,1317.883938
93.184739,42,1318.073646
898.82211,380,1321.067812
1084.619908,448,1324.499339
83.515213,52,1324.676472
406.835277,236,1325.359941
1083.959898,463,1326.803152
261.725384,176,1327.295565
278.656028,174,1329.870253
900.299418,361,1330.81435
80.819555,56,1331.002151
1083.596698,462,1334.326498
1082.218884,463,1338.886354
1083.153011,464,1340.29817
715.983327,285,1341.256607
506.341656,202,1341.772283
72.914769,72,1344.347898
91.121856,43,1344.455366
101.359271,81,1344.793085
117.08497,98,1346.969778
155.103032,127,1347.402642
91.286733,43,1347.512254
249.232478,149,1347.858667
261.049494,171,1348.409149
313.693779,193,1349.008756
415.031687,234,1349.707906
82.982815,50,1349.829142
-16.013824,1,1349.85703
568.069695,245,1352.372694
272.170892,161,1352.810186
121.989209,108,1353.160044
898.224938,371,1354.218909
567.039213,230,1356.672055
447.336986,267,1359.365762
261.460487,170,1359.906152
714.117436,291,1360.702088
1083.181233,458,1362.255341
118.205051,100,1362.600668
898.434486,379,1366.245186
153.437335,116,1366.610591
81.15819,52,1366.792477
410.816489,240,1369.249215
564.930182,236,1369.915893
414.01366,249,1370.612234
431.465538,244,1373.705425
155.525952,123,1374.130688
224.353375,167,1374.580295
101.751801,88,1374.842296
297.498833,181,1375.37169
70.72104,73,1375.553185
231.75092,172,1376.127524
233.366092,165,1376.585655
504.810446,207,1379.527535
144.723076,113,1381.729672
245.128543,150,1382.114655
895.862809,382,1383.271387
1083.493507,464,1384.648419
92.470279,41,1384.80224
566.51655,233,1387.653953
314.339741,189,1388.250588
505.125445,214,1388.939558
106.664285,82,1389.205551
565.490943,230,1391.68036
897.523511,369,1395.337027
314.747188,190,1395.920605
897.738296,368,1397.062669
-8.065172,1,1397.145782
296.66327,183,1397.765099
153.656645,115,1398.102199
102.971098,89,1398.407548
1082.182903,458,1401.836005
567.661255,237,1402.583448
566.539171,228,1405.078789
81.766316,50,1405.20547
330.930963,198,1405.772715
142.454972,110,1406.137246
92.565503,39,1406.254386
101.766454,89,1406.5218
505.913087,201,1409.616715
296.447966,181,1410.26904
60.508267,68,1410.443466
583.343124,318,1411.379244
211.218231,156,1411.794343
265.430756,185,1412.396823
566.43893,245,1415.059077
504.764127,209,1417.746714
896.19439,379,1418.866498
231.655934,167,1419.315944
120.630609,100,1419.581758
118.865313,101,1419.914382
327.098777,192,1420.512758
567.422373,227,1424.202016
505.025621,203,1424.757986
565.162919,237,1425.480074
76.797288,68,1425.682602
714.105139,294,1428.485843
291.835152,184,1428.978579
566.602072,235,1432.218539
313.677724,197,1432.761417
487.615948,271,1433.551989
66.711702,69,1433.714646
210.08047,159,1434.257026
185.596715,152,1434.712727
-16.056135,1,1434.743785
293.7538,205,1435.324309
897.568604,374,1438.838819
229.685164,161,1441.301917
897.094923,364,1442.318909
505.575367,209,1442.913838
506.112081,205,1443.605348
266.060983,191,1446.55103
230.093627,160,1447.011099
715.786157,283,1448.077844
1082.340983,465,1449.54799
899.373872,368,1454.711268
232.610458,164,1455.246151
414.964901,235,1455.90346
939.941954,398,1457.051732
260.559576,183,1457.605796
91.305746,44,1457.717956
566.02781,234,1460.168855
505.244635,203,1460.73478
414.582012,249,1461.513015
186.773219,143,1463.754914
714.06799,279,1464.612551
567.293449,231,1466.829831
81.49771,52,1466.955341
564.849256,244,1467.604217
81.095287,51,1467.772253
453.693542,290,1468.766677
122.077052,104,1469.190656
1083.333647,465,1470.697759
17.646235,40,1474.082674
565.100164,236,1476.562969
566.311733,236,1477.24659
639.199577,342,1478.2846
567.477917,231,1478.954895
332.157217,208,1481.994544
6.211866,89,1482.257612
170.733049,136,1482.751477
242.680923,174,1483.207572
92.770473,41,1483.350249
297.002637,174,1483.873502
567.895066,242,1484.615906
237.044683,162,1486.902329
75.655566,70,1487.135365
143.982039,112,1487.455413
296.965173,185,1490.184289
155.455723,124,1490.690589
896.709028,368,1491.806329
150.223766,116,1492.163716
507.486364,195,1492.788327
1084.361415,447,1496.358749
-8.056921,1,1496.441463
204.49343,144,1496.903092
896.96645,367,1499.726348
1082.547158,464,1501.063876
714.669574,290,1503.747178
897.447883,364,1505.024788
91.815637,43,1505.133638
565.955245,246,1505.861217
566.824061,221,1506.497341
1083.774557,451,1512.028815
897.612934,361,1513.008712
1082.805089,460,1514.248201
333.94163,207,1517.172361
82.263419,49,1517.319498
566.159689,232,1518.014929
210.501478,150,1518.518842
505.300624,196,1518.995958
89.055602,43,1519.190958
236.181185,173,1519.648646
109.458624,94,1521.772693
109.708648,95,1522.068003
898.049154,363,1524.885569
582.30912,327,1525.910583
895.755841,375,1527.019963
212.414496,149,1527.374501
297.840102,177,1527.931353
351.994259,212,1530.579285
714.680899,289,1533.229009
415.300413,247,1533.940789
413.518631,244,1534.68135
141.717865,109,1535.057733
73.780855,68,1535.245771
1083.14853,451,1538.692733
231.75544,167,1539.175822
372.996277,223,1539.767534
413.677397,246,1540.607411
231.468074,161,1541.186716
107.462289,67,1541.419871
233.610725,167,1546.091565
82.626091,54,1546.265998
1082.885744,455,1547.568978
77.52197,71,1547.730153
1083.793476,442,1549.031516
426.640882,265,1552.46493
88.81889,39,1552.593899
92.566018,42,1552.781625
897.261477,372,1553.85882
566.117173,233,1556.288842
898.720294,374,1557.2749
333.135267,197,1560.387156
233.638084,160,1560.798896
898.504093,369,1561.870424
1081.538314,473,1563.175844
228.103802,166,1565.685292
114.21209,94,1566.027514
413.8023,273,1568.625232
504.870882,213,1569.220203
714.568831,282,1570.037182
504.550848,209,1570.698783
567.041144,225,1573.67322
223.289315,168,1574.164874
84.156439,47,1574.306511
4.828794,23,1574.374374
1082.627137,462,1575.650393
898.847377,362,1578.616189
896.217493,384,1581.645931
119.543667,102,1582.002623
568.385029,223,1582.652862
358.899958,206,1583.279596
413.878555,250,1583.944891
4.461582,29,1584.097208
8.395929,28,1584.282117
896.321966,354,1587.70863
566.810605,229,1588.533815
116.35773,101,1588.872806
1083.845314,450,1592.077465
565.757279,238,1595.338268
261.507243,181,1595.820518
236.872067,169,1596.368853
324.665774,194,1596.973228
14.127244,34,1597.089249
898.48949,375,1598.258741
567.163777,234,1598.99797
713.21159,297,1604.520031
171.412491,134,1604.996604
246.16294,153,1605.497302
1083.586597,449,1606.70009
81.08998,57,1606.836366
239.989446,155,1607.364089
-8.079619,1,1607.387712
897.969222,377,1610.562969
898.642164,359,1611.564739
507.886627,292,1612.524465
240.158404,154,1614.825404
92.144988,41,1614.941544
505.031203,206,1617.780966
506.808302,201,1618.415031
506.04455,210,1618.98896
567.542392,232,1619.659271
414.545841,244,1620.401104
565.758714,230,1621.091034
115.982825,103,1624.074309
118.93206,97,1624.331123
302.148923,184,1624.911188
231.442931,165,1625.383306
158.956499,127,1627.613308
98.073826,83,1627.843588
411.988749,246,1628.587356
-8.047998,1,1628.611994
505.929615,198,1629.187395
565.047089,242,1632.040821
77.527037,76,1632.345902
565.517724,234,1633.094338
109.858414,96,1633.341304
232.60183,163,1633.881986
900.019036,354,1634.968857
232.596187,166,1637.739969
89.441792,42,1637.866161
296.931829,182,1640.251675
265.865338,187,1640.86081
566.522214,234,1641.549974
7.150977,31,1641.636575
896.836731,357,1642.948813
4.587733,27,1643.033252
566.583013,230,1646.080283
113.145279,91,1646.374775
236.997484,156,1646.766869
102.677023,83,1647.099177
80.94919,58,1647.239571
233.296513,156,1647.705608
92.344268,41,1647.805939
142.265376,107,1648.136404
414.830295,241,1650.77986
233.264684,167,1651.187212
92.890583,42,1651.307654
898.928487,376,1654.454708
154.90044,121,1654.799531
92.762385,36,1654.971918
507.093305,205,1655.565082
712.457055,289,1656.480514
150.049474,114,1656.919142
566.99221,235,1659.745716
228.709099,165,1660.163553
99.096136,82,1660.450029
118.938336,94,1660.751855
179.997127,121,1662.988891
231.858635,160,1663.414693
6.536575,37,1663.533439
567.4481,221,1664.179178
713.732566,283,1665.041454
356.778555,208,1668.118748
232.851192,163,1668.523914
7.256458,29,1668.651595
1083.997836,453,1669.966323
567.060569,230,1670.585999
506.686198,197,1674.846258
566.494116,235,1675.536195
896.570394,374,1676.62887
896.36361,358,1677.5488
-16.044302,1,1677.576159
414.424952,236,1678.311232
107.759623,69,1680.552327
897.959547,366,1681.58304
407.348421,242,1682.368425
553.213991,296,1685.19809
405.981974,263,1685.937131
1083.048906,454,1689.130863
567.297998,232,1689.926855
715.278422,287,1690.794204
109.574375,91,1691.128306
896.57743,377,1693.705605
237.022328,170,1694.227687
505.557416,205,1696.690428
265.755632,188,1697.235984
565.17542,231,1697.867088
262.438371,177,1698.321175
-8.071433,1,1698.34123
155.67599,122,1698.731361
715.171683,288,1701.658088
116.776898,99,1701.978654
413.576301,242,1702.736183
894.743353,381,1703.869828
866.594086,466,1708.789063
259.931197,183,1709.347075
202.1762,144,1709.889112
566.591951,225,1710.547156
109.97536,92,1710.858341
1082.415446,456,1714.53914
1084.321115,462,1715.810533
-8.06728,1,1715.840713
267.203807,188,1718.224356
504.986388,202,1718.803049
566.416749,241,1719.465092
896.502791,373,1722.436262
109.289031,93,1722.762548
81.364693,56,1722.931167
566.812076,235,1723.59684
14.142088,34,1723.722678
506.516369,205,1724.296036
81.587984,53,1724.44864
92.217949,44,1724.590246
117.14421,97,1724.95806
1081.702201,464,1730.782318
82.307242,59,1730.957618
896.99564,366,1732.084516
232.766619,160,1732.502462
153.392522,111,1732.884084
3.068164,28,1732.986492
565.273745,227,1736.042065
315.236859,183,1736.553984
70.510685,74,1736.796465
419.441417,272,1737.62329
231.426155,161,1738.094377
898.404075,359,1741.406042
414.896342,240,1744.213376
305.717382,185,1744.805107
566.364727,234,1745.443488
324.818485,201,1746.219624
92.008018,43,1746.358555
897.611556,375,1747.343601
1083.085167,466,1750.489724
715.109456,292,1753.22139
505.25212,203,1753.791867
1082.415241,449,1757.751096
713.253094,281,1758.542076
896.457733,372,1759.556071
565.493085,231,1760.251883
338.302484,211,1760.880607
529.015529,299,1765.392302
75.271688,68,1765.597583
565.272273,232,1766.266371
445.262401,244,1766.9414
8.085009,33,1767.023123
141.280701,115,1767.356493
254.258113,176,1767.899157
565.59032,231,1770.563323
170.174411,133,1770.907446
414.505713,240,1771.572246
506.027426,203,1772.205031
714.964351,286,1772.987876
566.881824,235,1775.498388
105.338889,98,1775.735289
567.237884,234,1778.029226
1082.691057,443,1779.447268
898.047153,369,1780.647278
1081.312936,444,1784.338943
566.497443,229,1785.084673
506.139432,209,1787.468459
120.084578,105,1787.762031
567.98312,225,1788.379489
240.90835,154,1788.837977
288.18967,170,1791.339751
185.267868,145,1791.772092
-16.055756,1,1791.797178
233.442425,169,1792.247921
236.454063,166,1792.82049
531.488032,298,1793.693332
401.515347,233,1794.404673
330.881682,204,1794.991325
1083.801846,442,1800.361994
356.943821,209,1800.986937
896.390794,358,1802.095382
716.098148,284,1805.565081
565.075029,229,1806.280416
896.516332,367,1807.419347
124.543014,106,1807.686038
232.856978,158,1810.020344
712.821918,284,1810.943158
117.329142,102,1813.682924
896.631166,369,1814.744395
110.360283,89,1815.010974
-8.069894,1,1815.040319
412.656559,236,1815.863518
107.398182,72,1816.11475
231.558016,157,1816.599489
110.135223,91,1817.012847
260.456307,185,1817.639973
81.587127,82,1819.934127
231.871803,161,1820.406243
1082.586925,461,1823.512163
430.036132,252,1824.364017
231.913662,163,1824.935828
715.925424,283,1827.858066
1082.525618,447,1829.160517
503.956634,204,1829.70164
80.983641,56,1829.880632
506.719286,282,1830.870155
296.046474,178,1835.321987
125.403423,103,1835.640397
261.035593,175,1836.180869
291.7826,180,1836.646697
1083.076375,462,1837.958462
715.661901,281,1840.933321
6.709726,32,1841.033381
185.919532,147,1841.480755
565.146456,234,1842.266866
712.38495,283,1842.955017
287.717208,176,1845.291421
566.15486,229,1845.896768
-8.032418,1,1845.922941
81.122006,58,1846.112554
899.056451,363,1848.867192
93.115863,44,1849.027739
155.060256,120,1849.393902
70.448066,74,1849.655306
897.028361,373,1850.905636
565.557784,237,1851.552181
231.820357,166,1854.309273
296.223604,185,1854.955088
565.273385,233,1857.482083
6.648903,35,1857.561839
713.552335,282,1858.438263
898.150646,356,1859.394666
1081.34198,474,1862.724639
91.533498,43,1862.830615
1083.347644,475,1864.215946
104.249787,88,1864.52715
415.015859,230,1867.017487
504.532955,195,1870.818473
227.532586,170,1871.255518
896.611154,372,1872.379345
567.370569,231,1873.089713
414.621674,231,1873.675237
413.976586,247,1877.058969
5.475781,33,1877.204178
895.850174,365,1878.356067
1082.315521,450,1881.420192
564.167469,237,1882.116629
565.113095,240,1885.471065
896.320558,364,1886.750139
897.291883,383,1888.072669
265.931169,187,1888.625882
403.34388,244,1891.670351
897.471494,368,1894.54753
715.185703,295,1895.359568
75.948142,72,1895.547888
376.152188,187,1896.154924
414.160155,238,1899.857455
219.752596,143,1900.316078
184.969651,142,1900.661476
504.884925,196,1901.2255
318.3489,190,1901.752023
1084.447926,451,1905.047759
899.296938,354,1908.430231
-5.798984,33,1908.51906
101.322015,86,1908.76884
315.300301,194,1909.354
145.624336,108,1909.684765
118.176587,94,1909.98616
897.836746,383,1911.137398
82.299091,53,1911.288157
564.818554,239,1914.255639
898.330946,357,1917.148748
506.00552,196,1917.734019
296.16955,176,1918.216039
714.699629,284,1918.998957
1084.635515,442,1922.21416
89.423659,75,1922.486804
332.261691,208,1923.223604
1083.756702,454,1924.585704
714.045126,288,1929.471994
83.030334,80,1929.73103
333.245142,204,1930.349467
58.292842,61,1930.516321
506.420371,194,1931.092476
79.349929,61,1931.355999
101.721261,88,1931.597807
292.137055,208,1932.291285
1083.591542,443,1936.265207
283.906268,178,1936.841546
232.382668,164,1937.366952
316.693741,207,1937.964717
117.996607,101,1940.148253
342.51784,200,1940.737294
71.868695,68,1940.937478
567.870618,235,1944.082932
898.280339,368,1945.233907
414.262751,240,1945.990518
223.416619,161,1946.479223
414.524347,244,1947.162407
565.865729,237,1950.153376
896.480972,374,1953.160903
566.177166,239,1953.83217
897.685866,382,1954.961778
92.550257,43,1955.129928
119.218499,100,1957.759944
565.920218,227,1958.517852
324.713593,195,1959.043976
714.038349,289,1960.011086
1080.664767,450,1963.121755
422.01742,261,1965.672431
505.023532,201,1966.310062
255.010937,171,1966.765978
412.372031,236,1967.550828
241.484033,155,1968.041454
118.167237,104,1968.342413
91.600274,52,1968.484888
105.991423,84,1971.064978
896.628587,368,1972.218025
1081.815391,458,1975.508275
81.330509,53,1975.659319
83.38149,75,1975.882126
1080.789129,462,1979.888191
566.132493,230,1980.629818
1081.285878,455,1982.093603
1081.348495,458,1985.622555
296.864586,182,1986.096185
48.942992,55,1986.295889
5.535979,32,1988.199873
565.222545,234,1988.864751
897.107084,355,1989.910449
1080.897802,469,1993.737179
1082.964437,435,1995.033699
110.124917,98,1995.349463
91.127285,38,1995.517026
715.432494,280,1996.265945
256.223821,184,1998.648582
505.027634,201,2001.343338
142.104038,113,2001.644427
1083.093664,459,2003.123989
566.298688,243,2003.860317
312.787219,197,2004.385414
235.959854,167,2006.594438
218.712288,147,2007.033529
413.845601,235,2007.734479
412.477523,246,2010.249067
62.158383,73,2010.480824
898.192689,371,2011.513522
186.784247,144,2014.064408
713.742425,286,2014.855208
866.636677,452,2016.164793
236.61545,160,2016.652896
1081.53793,460,2020.625168
91.968844,47,2020.797852
504.403975,211,2023.224588
260.639695,180,2023.789648
810.711432,411,2025.070335
79.994451,67,2025.2305
-16.027737,1,2025.256183
91.768989,40,2025.482355
565.823066,223,2027.88548
900.814989,353,2028.974351
565.839597,237,2029.608885
566.785391,233,2030.312288
-8.052719,1,2030.342703
566.541643,232,2032.890229
795.122504,406,2036.593334
1083.270832,437,2037.852362
506.936909,205,2038.492797
505.626436,212,2039.093084
1083.012069,441,2043.375412
104.199811,86,2043.659757
712.818958,279,2046.379035
565.402667,240,2047.012426
1080.892955,443,2050.567785
1081.949424,446,2051.982115
567.478232,231,2052.607384
896.227395,373,2053.727289
116.774227,96,2055.966038
103.312832,81,2056.179655
109.841287,92,2058.246698
6.216491,41,2058.408717
76.957018,74,2058.593925
567.030651,230,2059.23029
289.794859,173,2059.705439
824.93289,436,2060.916758
1082.352603,458,2064.251503
116.757168,101,2064.596156
504.33947,206,2065.217528
74.902959,75,2065.470148
295.522135,184,2067.843082
260.000919,177,2068.370275
312.230749,192,2071.844296
714.030173,284,2072.709743
118.987431,94,2072.951683
506.853452,204,2073.567094
410.00324,240,2074.335371
224.467295,160,2074.818805
117.664961,99,2075.14774
416.57937,239,2078.318759
110.855292,91,2078.589355
255.352075,178,2079.151665
262.200294,181,2081.497862
311.806189,192,2082.103256
329.199744,198,2082.846709
443.486849,252,2083.585508
564.111275,231,2087.203227
413.559338,242,2087.864145
329.030603,190,2088.489187
105.968448,84,2088.704004
197.333764,136,2089.133398
712.689372,292,2090.110957
243.422819,149,2094.921486
504.830397,199,2095.455924
123.826729,103,2095.704381
247.656431,158,2096.242243
714.616501,276,2097.008344
896.92107,360,2098.072482
260.697781,177,2100.52126
-16.047794,1,2100.548927
72.592205,65,2100.786115
897.348544,368,2101.905842
504.955644,206,2102.48607
505.132196,203,2104.870394
940.265844,386,2108.867546
256.834076,178,2109.355216
895.231206,373,2110.545481
75.382291,68,2110.762933
83.128144,53,2110.92567
414.414444,242,2111.601552
244.342066,148,2111.995891
81.580957,51,2112.161613
355.215219,208,2115.51763
1081.554175,460,2118.67239
413.116445,238,2119.377639
505.251317,207,2119.974529
503.749612,211,2120.603053
412.071954,244,2123.634126
1081.339467,451,2125.028453
15.08094,39,2125.17875
565.238639,232,2125.905412
505.623294,198,2126.540184
155.329609,114,2128.683715
186.792914,142,2132.265521
266.386751,179,2132.890429
90.999122,44,2133.028194
1082.030461,439,2134.316255
414.015398,244,2135.0256
565.512905,242,2138.24141
566.282372,233,2138.916127
176.487654,134,2139.353494
6.888418,32,2139.461683
505.021103,198,2139.989212
897.281216,363,2142.765946
94.310445,86,2143.057252
504.341963,207,2146.420093
1081.77337,452,2147.732468
565.350202,233,2148.469076
1082.53111,459,2149.90511
896.628482,375,2155.417696
232.135604,162,2155.807971
505.07717,205,2156.458797
297.476607,186,2157.05321
714.483832,286,2157.827175
565.216355,235,2160.91256
155.098928,121,2161.364596
502.679063,205,2161.954605
91.172773,47,2162.13488
1079.60954,462,2163.471867
295.79109,177,2165.847999
1082.339521,442,2169.281755
897.566477,372,2170.311043
565.779375,227,2170.997295
82.108258,60,2171.155457
565.731247,222,2171.72702
505.775484,193,2175.163904
92.555309,45,2175.326762
109.994325,94,2175.621141
567.915455,224,2176.213102
1081.709518,443,2179.32771
254.689287,192,2179.964917
106.15249,86,2180.25697
74.02098,71,2183.239146
261.259976,177,2183.892033
403.765098,230,2184.615308
251.88514,159,2185.138124
407.836234,257,2185.838025
186.561212,149,2186.223693
504.268646,212,2186.860155
505.497904,209,2191.947622
155.849197,120,2192.290431
712.731548,283,2193.127494
254.838859,180,2193.672355
187.009746,141,2194.080651
1080.494539,462,2197.893178
895.7847,372,2198.905666
118.917524,96,2199.246021
895.024765,386,2202.163178
86.276877,66,2202.41104
219.313693,143,2202.737457
413.978576,244,2205.598429
898.532852,369,2206.719197
505.853258,202,2207.241818
1081.593822,458,2208.75431
355.2701,204,2211.804325
564.896099,236,2212.418338
713.832648,281,2215.05174
4.567188,35,2215.21946
895.357244,378,2216.26208
109.698828,97,2216.566017
566.458431,231,2219.275146
713.42825,285,2220.258122
230.37937,173,2220.723467
1082.089692,467,2221.978178
505.802533,215,2227.048514
567.158696,234,2227.749855
311.290471,192,2228.342849
80.745766,68,2228.524934
74.850751,67,2228.786498
506.854663,206,2229.433084
713.208679,284,2230.280516
231.657016,163,2232.64011
90.760568,52,2232.855998
565.802865,232,2233.544482
271.628655,164,2234.038732
222.398412,172,2234.597705
895.59046,372,2237.453357
269.24163,170,2238.001776
403.825009,240,2240.959329
565.91778,227,2241.63113
211.697677,144,2242.047723
82.498038,80,2242.275073
-8.031307,1,2242.308404
712.958913,286,2243.117122
1080.953938,469,2247.134434
566.414911,231,2249.598081
115.861078,98,2249.899618
405.402446,247,2250.748298
413.867545,243,2251.489038
413.932623,255,2252.230149
896.50009,377,2255.623124
521.685907,296,2256.535698
254.681717,175,2257.025699
565.76134,242,2257.683795
120.925346,111,2257.997026
73.174319,74,2260.032996
1083.378813,443,2264.23306
9.217371,34,2264.363434
211.678831,146,2264.810495
1082.058055,453,2266.186949
355.882925,213,2269.288784
215.209352,138,2269.63474
90.222339,57,2269.843108
721.544198,370,2270.905174
564.799463,238,2273.380132
310.703938,191,2274.030552
1080.856573,470,2277.666202
897.182796,362,2278.755271
-16.025824,1,2278.774223
505.585951,203,2279.33343
503.630597,209,2279.865363
260.060266,182,2280.451068
1081.174515,452,2286.004621
255.548747,180,2286.586174
1081.47273,452,2287.838673
565.447228,230,2290.605739
1081.744055,458,2291.936157
895.292512,378,2293.170704
268.11869,165,2293.627363
210.939653,148,2295.945092
125.58932,99,2298.38094
1081.857777,454,2299.660113
663.05152,361,2300.782813
714.597321,281,2301.581661
636.683627,352,2305.776823
1080.801404,438,2309.030072
115.816811,103,2309.315597
103.393965,79,2309.519143
109.473075,91,2309.714264
421.861521,272,2310.587484
260.289699,176,2313.433069
1082.629423,442,2314.982074
867.946357,434,2316.193246
1082.309878,454,2321.7008
898.461894,372,2322.801232
254.862341,179,2323.307654
504.178225,206,2323.855541
184.890528,149,2324.292328
712.507679,291,2328.266255
184.970446,150,2328.780543
109.035216,99,2329.035328
1081.45163,449,2330.397629
58.440157,64,2330.580544
713.973147,298,2333.222755
413.801418,250,2336.373907
130.210522,108,2336.718012
312.12425,207,2337.317503
565.57151,236,2338.014173
311.422826,195,2338.641748
503.500455,217,2339.372464
259.199184,178,2342.044627
896.416186,360,2343.102182
109.799751,94,2345.188008
563.964464,232,2345.871628
110.56225,95,2346.163108
142.79055,132,2346.573732
292.67711,204,2347.143237
865.997068,459,2351.486832
89.963416,54,2351.672605
896.251768,356,2352.584632
72.750099,67,2352.806885
265.829722,185,2353.343995
275.588489,185,2356.044971
577.301671,320,2358.789923
295.611161,181,2359.388725
1082.863507,440,2360.670263
566.213798,228,2361.276707
565.761526,238,2363.931319
503.831409,207,2364.570916
564.416616,233,2365.281164
643.2646,345,2368.129337
565.331009,235,2368.947854
711.472279,289,2371.935477
254.411692,183,2372.506516
337.975997,200,2373.153937
505.043031,206,2373.825166
1080.313803,464,2377.954103
564.705093,236,2378.748253
287.283025,174,2381.162777
412.489951,245,2381.831204
455.145011,251,2382.562609
564.505828,238,2383.210427
413.358379,241,2386.472723
254.662193,181,2386.972781
711.827793,290,2387.768906
263.345582,190,2388.344776
566.801467,228,2389.020223
1082.555086,455,2394.374791
90.801424,53,2394.541275
714.17843,288,2395.349656
1084.212577,456,2396.729021
505.416706,207,2399.960072
713.841955,284,2400.774909
566.864943,240,2401.436123
312.620144,188,2402.100503
714.838621,282,2404.711418
110.676791,96,2405.010947
218.318809,153,2407.747054
341.9667,207,2408.452845
564.855802,240,2409.135386
415.098464,247,2409.971334
120.480471,101,2410.251259
419.476919,243,2411.012845
895.811072,371,2413.790625
504.155507,203,2416.224278
504.007098,211,2416.924654
118.289051,104,2417.234439
893.934848,375,2418.411197
451.964694,265,2420.805404
117.305358,102,2421.173186
15.982857,42,2421.30008
336.527121,224,2422.065571
504.373336,211,2422.579067
439.296161,276,2423.511513
310.866348,197,2425.937788
389.844746,236,2429.392229
82.975859,78,2429.616824
505.69705,204,2430.177998
151.990457,114,2430.523508
118.147288,93,2430.93262
316.797562,198,2431.568124
419.622096,286,2432.517779
505.107665,208,2435.582613
411.80076,250,2436.374521
712.967861,293,2437.236884
16.52424,41,2437.338107
505.421623,207,2439.820562
711.48364,298,2440.600832
203.338437,144,2443.368419
260.727995,176,2443.968287
413.141966,234,2444.679305
110.964608,92,2444.935446
251.18401,173,2445.461898
504.639675,200,2445.988265
558.565205,315,2446.940461
712.703146,290,2451.689543
1082.564967,442,2452.82573
47.192676,51,2453.021375
502.443836,207,2453.618713
143.679345,111,2453.951306
565.798896,226,2457.593719
336.415711,212,2458.192483
504.150264,207,2458.798042
504.120093,206,2459.296514
503.357002,207,2460.011878
184.768338,136,2462.225928
896.863343,374,2466.315485
-16.067049,1,2466.348976
505.270391,194,2466.93427
9.178379,40,2467.082499
117.267328,102,2467.415016
564.392434,235,2468.013321
505.135863,204,2468.630706
83.389768,75,2468.877691
92.028695,46,2469.058987
109.999125,94,2469.345925
406.497406,260,2472.916407
1080.242468,456,2476.028357
17.631668,42,2476.124159
259.713669,177,2476.7289
897.323102,368,2477.743152
1080.744294,456,2481.580017
15.07548,36,2481.762619
120.81664,99,2482.037951
262.734367,164,2482.577611
713.099364,288,2483.477425
895.706405,368,2488.686869
713.200318,285,2489.528429
713.195616,287,2490.306292
44.642491,51,2490.453709
713.513825,292,2491.33383
80.340898,64,2491.528426
153.302411,113,2491.82662
505.4666,202,2494.707063
712.974715,282,2495.482159
255.993541,180,2496.010307
896.970442,365,2498.920431
504.188195,199,2499.477033
284.510187,180,2502.618926
565.60393,234,2503.392272
411.881891,242,2504.080177
66.357922,63,2504.250073
397.092047,226,2504.928024
6.679051,33,2505.028908
504.355489,203,2505.728472
-16.070772,1,2505.752034
-16.06875,1,2505.781588
447.002366,282,2509.58811
355.355794,214,2510.179238
505.121158,210,2512.587892
894.402565,363,2513.60204
259.976668,179,2514.162799
91.375564,47,2514.340921
566.067004,236,2518.060164
325.971362,196,2518.614566
894.89396,374,2519.709569
420.640725,248,2520.406579
713.46185,290,2523.068492
713.841306,289,2526.426573
232.192995,159,2526.857808
897.793879,352,2527.884959
-29.283657,76,2528.089018
210.372552,148,2528.565954
109.281185,92,2528.822079
1083.441157,447,2532.867518
123.918163,98,2533.212903
894.41746,367,2534.246124
-8.06428,1,2534.270052
3.213489,30,2536.209903
713.462779,288,2537.096915
92.580843,47,2537.238803
117.768211,98,2537.530255
116.635843,93,2540.236269
565.209358,231,2540.980315
236.22595,175,2541.491186
48.821476,52,2541.619597
565.875963,233,2542.291571
566.635591,229,2542.968635
895.292911,373,2546.141834
940.851062,395,2549.000633
254.601007,169,2549.600011
332.134885,196,2550.131052
318.606607,195,2550.744408
712.144884,293,2554.134392
412.814487,234,2554.804645
356.329295,205,2555.443228
611.720301,336,2556.409602
185.26372,144,2556.851236
82.890567,77,2557.042029
1080.598205,464,2563.499555
228.79452,163,2563.977321
1081.174926,472,2565.345752
79.624512,71,2565.566991
566.256459,233,2568.461048
15.303059,39,2568.589924
246.416816,166,2569.064618
712.099232,294,2569.92923
413.557086,236,2572.418415
1081.621917,460,2573.777578
107.08139,66,2576.820558
105.119356,95,2577.119356
223.409022,163,2577.56119
90.027462,47,2577.688033
896.881231,350,2578.684049
564.515984,231,2579.3341
254.252878,179,2579.843511
343.615875,203,2582.844988
1079.552234,456,2585.946947
413.722502,245,2586.658257
283.916577,200,2587.26432
505.575863,211,2587.824317
712.417839,291,2591.136552
6.364659,38,2591.236532
565.667315,220,2591.88496
566.045625,237,2592.546313
713.02222,285,2593.335232
754.850215,344,2597.927964
527.049723,297,2598.909458
566.037896,231,2599.55003
15.246506,31,2599.680249
422.819223,263,2600.380451
276.954076,177,2600.893448
231.489109,161,2601.385859
897.272611,357,2604.903355
609.462725,334,2607.6539
756.694469,327,2608.635929
710.203185,297,2611.79705
-8.042922,1,2611.822619
505.140978,214,2612.571162
391.167868,227,2613.270234
79.162138,66,2613.492978
564.946472,229,2614.235044
412.261422,249,2614.991153
714.239969,287,2618.284328
251.061903,182,2620.63662
265.342367,184,2621.261836
155.704346,115,2621.520592
563.392774,236,2622.18724
419.964205,258,2622.948346
1083.002539,452,2626.975688
265.504593,189,2627.535704
92.293342,52,2627.680392
91.166532,52,2627.916808
567.946424,231,2628.588894
897.398214,359,2631.433392
8.815106,39,2631.551823
503.799014,201,2634.258022
412.442658,237,2634.93049
206.05372,145,2635.363865
109.391366,98,2635.673512
420.327088,262,2636.461327
456.114044,286,2637.284899
1079.125025,461,2641.087782
296.142148,180,2643.434432
711.814252,287,2644.299301
109.29905,96,2644.516525
192.779364,147,2645.010295
294.533593,179,2645.446628
389.33596,251,2649.226204
897.558632,359,2650.262564
109.961481,92,2650.623084
504.014281,202,2651.223391
102.809916,83,2651.484733
39.742641,52,2651.659728
456.606731,287,2656.568171
413.427717,243,2657.169307
712.665856,284,2657.957581
209.325926,147,2658.410437
426.549468,280,2659.260136
414.827017,238,2662.505005
504.162287,205,2663.107845
569.971447,319,2664.088414
103.188472,82,2664.299434
254.372515,177,2664.850775
412.043758,244,2667.431789
185.816424,145,2667.90925
565.606576,231,2670.682479
712.965527,284,2671.397759
566.391914,232,2672.131192
711.931287,290,2672.956297
661.133743,362,2676.107601
898.055122,355,2678.911139
185.385987,143,2679.294612
293.880927,182,2679.755753
155.887514,131,2680.178919
155.333784,123,2680.483729
452.48211,258,2684.177459
1080.346105,437,2685.532912
712.391525,297,2686.43805
294.442216,179,2687.014724
174.816883,124,2687.462924
311.07037,194,2691.869158
414.227779,240,2692.495612
276.919453,183,2693.067419
237.844052,181,2693.624926
503.131815,205,2694.138209
109.278514,96,2694.416195
894.295284,380,2698.251739
104.809121,86,2698.532821
120.158877,101,2698.807808
113.227734,106,2699.092517
116.723431,96,2699.380357
712.108776,280,2702.118375
260.435889,183,2702.706043
78.447476,74,2702.893349
253.950463,182,2703.381941
565.986971,227,2706.135084
115.020141,98,2706.480572
1080.516287,458,2707.898207
-1.243231,21,2707.979631
16.33606,49,2708.17603
565.427323,238,2708.911824
536.461744,304,2712.546283
1080.471017,458,2715.700447
245.219052,152,2716.189113
894.777925,369,2717.218623
311.677229,194,2717.731843
264.443262,183,2720.962782
895.4024,368,2722.014041
896.170279,351,2723.053629
565.223456,231,2725.586277
253.987301,178,2728.119199
713.300318,286,2728.938323
72.624275,71,2729.14519
507.158537,199,2729.710925
625.784649,332,2730.730828
800.958247,419,2733.531755
415.109361,262,2734.43562
91.553082,53,2734.609678
211.153307,154,2735.017949
713.968457,295,2737.70537
141.976032,110,2737.986771
896.033322,376,2740.911509
60.485186,60,2741.056975
261.821235,176,2741.655941
411.676589,241,2742.367591
230.95173,163,2742.878392
116.389719,102,2743.290836
369.967183,223,2743.880752
155.520403,123,2744.238842
895.080741,370,2749.190213
503.765824,202,2749.858951
99.611429,85,2750.14795
231.358791,164,2750.65168
294.471692,180,2751.176955
564.898457,230,2751.805149
420.69037,240,2755.052322
82.061848,76,2755.311263
566.755115,228,2756.023781
415.090053,252,2756.77681
-8.060327,1,2756.80689
897.01892,371,2759.661004
419.762801,270,2762.751582
1082.54727,453,2763.990899
7.866989,44,2764.14881
297.629049,178,2764.657413
1082.329069,449,2765.946952
60.57926,69,2768.522843
712.596707,283,2769.277197
185.897093,147,2769.816868
712.181217,289,2772.528495
342.193725,210,2773.106397
564.191062,236,2773.891663
440.985503,265,2777.482796
419.188207,262,2778.201478
356.593864,238,2778.865352
895.475142,354,2779.841496
91.191333,47,2780.034963
564.199012,227,2786.060798
894.482912,367,2787.069118
331.894986,200,2787.756084
412.269072,245,2788.403134
257.798477,181,2788.935122
413.245966,237,2791.538515
119.615864,92,2791.870255
563.894164,240,2792.626974
414.125373,240,2793.293544
712.35223,363,2796.11305
713.760635,289,2799.010031
412.598974,241,2799.703938
1079.61222,463,2801.101511
1079.619411,463,2802.366976
210.44932,152,2805.721036
119.331832,100,2806.030601
412.24916,245,2808.521857
1081.457116,456,2809.854825
563.217994,230,2810.477613
116.087205,100,2812.452158
89.505867,71,2812.705124
504.103564,208,2813.43223
117.192904,102,2813.723917
711.964566,278,2814.544694
81.316801,74,2814.795882
710.675211,287,2815.587716
711.709201,287,2820.55372
116.669039,100,2820.8966
142.515077,116,2821.205352
243.341511,155,2821.627609
622.811928,349,2822.64542
712.842021,285,2823.443547
566.218513,232,2826.290952
505.701982,202,2826.821782
259.346093,183,2827.399477
713.813946,279,2828.138201
1078.643325,449,2831.261556
468.399533,285,2834.245372
420.420576,245,2834.932747
243.118978,151,2835.369846
121.559499,103,2835.709789
1081.467956,456,2837.073595
1079.252555,445,2843.219343
82.70821,63,2843.397993
1081.613718,464,2844.808111
1080.098452,446,2849.698755
1079.035463,456,2850.938823
503.549752,204,2851.475967
90.889328,51,2851.652463
894.590982,375,2854.548168
412.936725,243,2857.940081
90.078098,66,2858.137155
405.719472,254,2858.880677
92.670182,44,2859.024899
404.238621,235,2859.723394
91.009752,51,2859.847498
711.589908,286,2860.65684
246.984643,169,2862.966842
114.201251,101,2863.274401
7.657584,46,2863.390785
14.281185,55,2863.518142
714.294031,283,2864.376861
565.250121,232,2866.904367
566.410956,238,2867.547639
713.118037,286,2868.283267
81.660304,64,2870.605739
503.349372,204,2871.286842
295.787504,186,2871.779351
1080.838471,455,2873.129947
446.161752,279,2874.109517
566.011909,226,2877.234763
80.889237,59,2879.253596
564.480688,240,2879.854585
713.496532,285,2880.701883
894.674693,370,2881.731037
404.563508,261,2884.751626
894.507432,374,2885.788137
1080.336442,471,2888.98321
3.705643,37,2889.09617
16.104563,49,2889.242984
419.882116,243,2892.653103
413.972258,272,2893.353675
566.835998,234,2894.01058
564.469856,238,2894.72823
755.063845,338,2895.703403
1080.531751,460,2899.156474
290.77209,175,2901.574636
894.886561,370,2902.502722
1080.054265,484,2906.587081
505.21328,198,2907.147719
411.108841,236,2907.781504
412.611139,239,2908.433767
-4.868914,14,2908.477636
93.341689,42,2908.588722
565.867048,237,2909.403187
411.092406,249,2914.49036
566.252861,228,2915.139582
1079.313259,476,2916.654548
2.47401,37,2916.766562
714.499839,280,2917.567357
18.951136,41,2917.744082
260.411223,177,2920.172239
267.124412,175,2920.74982
18.830841,41,2920.864817
80.839063,81,2921.067074
503.033474,214,2921.71634
258.8182,195,2922.196895
430.452344,275,2924.887905
712.557033,292,2928.34479
185.439438,136,2928.834029
895.330662,365,2929.926751
210.415537,146,2930.33751
712.247904,287,2931.201914
503.786494,208,2931.780692
354.82478,208,2935.399176
223.427306,166,2935.851227
440.849692,257,2938.396593
895.35481,366,2939.509727
117.507619,96,2939.771869
73.456024,70,2939.964407
223.591003,157,2942.629043
564.351335,232,2943.399659
102.783829,88,2943.65852
353.172759,216,2944.303811
113.649953,103,2944.545833
124.173494,100,2944.889247
711.63436,287,2945.686876
894.14994,374,2950.437939
504.485748,208,2951.061093
110.336193,98,2951.358051
175.799085,121,2951.71268
115.102468,90,2951.925708
504.828429,191,2952.577559
505.711881,194,2953.096501
109.278528,95,2953.396607
1078.473637,458,2957.110675
712.174819,282,2957.865756
113.297807,102,2959.995523
1081.627414,448,2961.466684
430.049306,246,2964.188782
106.32319,78,2964.41541
110.30207,97,2964.676553
581.594712,304,2965.583855
894.738768,357,2966.676895
411.823868,246,2969.626162
80.458315,75,2969.830999
807.049517,418,2972.840442
1080.89103,443,2974.204641
91.157913,47,2974.363401
765.889601,397,2978.229756
402.771509,242,2978.907807
392.317934,177,2979.391952
413.424904,242,2980.13871
752.422929,335,2982.892391
254.743426,170,2986.282123
48.144045,58,2986.514333
77.393785,67,2986.823115
253.664844,175,2987.40173
14.511823,62,2987.580347
1081.996831,449,2988.932098
100.441798,93,2989.187276
323.997148,194,2989.78195
1081.700507,440,2993.206786
77.920635,87,2993.456135
565.547321,232,2995.986101
79.365335,76,2996.158745
1081.746294,447,2997.520169
714.679796,284,3000.823468
79.512522,77,3001.101577
711.801608,287,3001.92955
414.363225,261,3002.787489
420.934968,267,3003.551894
1082.039325,442,3008.999044
712.386398,291,3009.842457
566.516738,226,3010.437005
109.504513,97,3010.716055
506.313428,197,3011.307707
79.296557,79,3013.421638
504.296177,215,3014.115469
1081.865596,443,3015.555845
895.761542,372,3018.488897
712.513674,278,3022.137691
433.181248,276,3022.927228
186.302027,145,3023.342913
440.114425,276,3024.172485
101.916581,90,3024.43407
1081.045596,446,3028.274793
714.600441,277,3029.090433
713.064911,285,3031.675018
117.506916,96,3031.996107
71.508867,65,3032.189507
504.45821,211,3032.850848
225.596911,159,3033.280114
271.940833,181,3036.21382
-8.072531,1,3036.23743
564.700645,239,3036.922705
1081.684781,451,3038.192424
76.434775,68,3038.377944
419.005109,252,3039.231408
896.9227,370,3044.371845
320.949807,188,3044.980568
115.990871,103,3045.246371
-16.069557,1,3045.269937
81.59383,81,3045.513547
564.823268,235,3046.155707
296.644739,179,3046.653819
897.737333,358,3050.590478
448.11013,284,3051.388412
1083.697434,451,3052.863386
112.576506,99,3055.002681
705.099466,377,3058.300768
261.181939,178,3058.850935
260.662082,181,3059.400594
14.749687,51,3059.567361
105.563325,102,3059.936411
243.731204,168,3060.470124
211.279508,157,3060.947449
87.847227,49,3061.086586
80.803147,66,3061.298991
712.419275,281,3064.014503
582.098156,316,3064.926225
295.315507,185,3067.323113
566.136052,238,3068.005646
414.048896,234,3068.696846
714.015962,276,3071.608637
238.362526,179,3072.231155
527.909628,305,3073.200769
711.881433,294,3074.025451
1081.554193,431,3077.136443
90.318986,53,3080.216936
566.203854,232,3080.916993
212.313875,146,3081.296908
-16.077676,1,3081.319976
712.176843,281,3082.163152
1082.524715,443,3083.471423
80.075026,78,3083.732153
504.816285,280,3087.516971
712.611372,279,3088.325114
712.952089,284,3091.002699
210.384305,150,3091.368964
225.445109,165,3091.876357
504.632648,212,3094.303194
243.281363,156,3094.834619
33.870983,86,3095.030825
254.729743,177,3095.603408
565.834581,224,3096.210927
413.663611,241,3097.17773
-16.051109,1,3097.205599
895.976367,359,3101.492084
91.397171,44,3101.601603
412.372795,246,3104.073402
565.952911,235,3104.750923
504.085039,198,3105.318375
90.34758,54,3105.500695
578.057884,314,3106.3952
441.511292,277,3109.526824
116.291633,103,3109.923692
895.752283,364,3110.945674
75.971511,72,3111.136934
711.33109,287,3111.981507
-8.052581,1,3112.007021
566.939732,221,3116.505305
392.199756,243,3117.205026
81.080369,56,3117.35054
-164.521094,105,3117.637601
90.427473,54,3117.779252
80.401327,62,3118.015938
414.090183,243,3118.648048
82.754781,80,3118.862868
565.366564,243,3119.554714
80.746418,67,3119.740644
50.486038,78,3120.067158
79.615431,70,3122.43185
1081.288505,462,3123.968371
566.025062,232,3126.474855
1081.237478,459,3127.742444
896.849512,370,3130.844965
419.326635,246,3131.492076
88.588839,82,3131.771035
565.660275,228,3132.509245
186.424747,143,3132.875357
895.373287,364,3136.931303
102.727858,84,3139.048492
16.089167,42,3139.179967
502.237271,217,3139.801044
894.916829,373,3140.839069
754.06546,334,3141.912996
938.191294,390,3145.384073
712.815631,281,3146.175365
566.909137,231,3146.860882
317.168481,192,3149.249872
895.225033,370,3152.566892
1080.614698,457,3153.800084
504.301904,209,3154.366496
90.464754,40,3154.48753
1084.076965,447,3158.701561
504.391808,202,3159.280699
565.001715,229,3159.963726
712.762244,291,3162.509797
210.400982,161,3163.006398
895.368604,361,3167.083537
703.612727,378,3168.157668
80.916557,81,3168.383589
420.646523,268,3169.097904
411.54029,245,3169.878006
234.485834,166,3170.45799
1081.364728,433,3176.104932
242.791537,152,3176.576145
503.51812,207,3177.185745
204.43833,133,3177.631001
503.39229,207,3178.201542
82.334355,60,3178.362136
801.959685,408,3182.141161
413.327102,273,3182.931028
208.226886,183,3183.442039
566.74309,230,3185.855501
1079.880774,462,3190.74259
265.271111,186,3191.284814
515.876612,287,3192.190052
713.728381,292,3193.010807
413.961375,260,3193.798383
563.683178,235,3196.914132
-6.129197,11,3196.954393
895.994575,369,3199.894507
86.311893,57,3200.028627
472.932208,271,3200.730653
286.570244,182,3201.302876
457.283992,289,3204.691469
115.634155,105,3204.994865
564.686898,232,3205.692343
343.041758,214,3206.308161
714.239572,287,3207.080649
16.040994,40,3207.29433
123.217637,99,3207.566791
420.710204,266,3212.468344
176.378359,136,3212.798584
75.377529,70,3213.006622
1082.052128,439,3214.253206
893.293586,379,3215.326811
1079.261464,459,3218.507075
412.139611,249,3219.248595
712.105753,284,3221.825081
295.078072,184,3222.431733
81.563893,61,3222.631627
566.908306,233,3225.42819
101.732467,81,3225.698461
15.207978,41,3225.948393
503.413146,216,3226.490358
566.018114,233,3227.189749
90.922747,49,3227.319708
82.108193,56,3227.490279
503.096489,207,3228.127938
563.926437,232,3228.799356
81.039571,71,3231.336657
119.106599,88,3231.557792
193.689678,133,3232.044668
15.440727,36,3232.16186
895.455002,371,3235.007481
502.646543,201,3235.578101
565.152492,235,3236.218069
756.098945,340,3238.446764
368.759375,229,3239.08957
894.157113,377,3240.177268
711.849036,285,3241.046033
255.003937,183,3246.406726
1081.035268,435,3247.737197
503.50208,211,3248.313072
893.416907,359,3249.289186
4.018719,34,3249.37547
101.239545,95,3249.770207
1081.076148,443,3253.793117
2.541699,36,3253.920405
405.803348,266,3254.649098
627.176966,339,3257.426816
412.640717,240,3258.112605
-8.068319,1,3258.135979
113.824835,92,3260.240236
713.154088,278,3261.097658
229.395476,150,3261.529565
895.547418,373,3262.589255
564.233445,233,3263.285554
245.518462,171,3266.196952
565.05022,236,3268.644385
936.478611,392,3269.79496
502.933528,208,3270.401817
310.154348,191,3270.934615
217.473881,158,3271.448627
343.447285,205,3275.203647
1079.691316,458,3276.395213
244.375916,151,3276.883755
503.262619,219,3277.503155
91.840397,50,3279.515054
109.203221,97,3280.04932
210.204387,155,3282.357151
210.756853,160,3282.818566
505.731387,198,3283.37521
119.448348,93,3283.643133
82.050366,84,3283.957409
90.037353,53,3284.084318
503.266798,213,3284.692863
712.420929,285,3285.499754
73.147533,68,3285.720324
70.913589,241,3288.35474
1080.419093,436,3291.619137
411.86076,240,3292.441643
411.867245,247,3293.07901
91.086608,43,3293.262493
563.85456,242,3296.693525
715.387274,279,3297.439897
259.812503,181,3297.953776
148.257836,120,3298.304534
270.944014,179,3298.901394
504.368563,201,3299.45246
244.113763,171,3302.534157
490.84708,282,3305.125248
565.930642,236,3305.816553
895.460294,375,3306.856036
91.202144,43,3307.012948
103.051567,96,3307.291453
1078.812984,469,3311.503994
565.880481,223,3312.190857
411.516627,238,3312.870845
564.968048,240,3315.398196
1080.257741,461,3318.876868
756.300026,333,3319.8312
288.184169,194,3320.430463
-7.243228,35,3320.541329
567.905279,218,3321.144172
265.287349,184,3321.671428
710.976383,289,3325.036188
1080.565087,438,3328.131588
152.004464,121,3328.506038
1080.409975,464,3329.886324
91.911593,50,3332.345982
310.686775,190,3332.91122
599.088875,325,3333.930652
893.933412,374,3335.002305
123.50549,111,3335.323679
894.918197,361,3340.830696
-8.060281,1,3340.855381
565.340138,231,3341.400701
91.538615,44,3341.558654
713.047673,285,3342.343843
893.904141,358,3343.339211
564.970604,241,3346.741227
505.235349,195,3347.302614
566.610525,219,3347.932635
794.267176,401,3350.92606
3.31095,31,3351.03622
1080.642863,452,3354.626107
897.518933,369,3355.75458
754.32662,333,3356.945586
712.270087,292,3357.847889
894.158143,352,3361.597542
412.748811,246,3364.184435
118.873494,94,3364.535499
-16.043745,1,3364.559789
503.547072,205,3365.1175
116.288125,109,3365.459029
276.914502,164,3365.98634
1080.653795,436,3369.384843
92.083876,47,3369.517516
91.345844,54,3369.694476
1080.927705,443,3370.935415
420.487457,259,3371.701372
243.96698,152,3372.180776
185.528962,145,3377.293145
456.360008,275,3378.143448
758.26264,318,3379.02299
564.518656,232,3379.732724
564.281873,231,3380.360015
763.330463,404,3384.546238
372.770557,221,3385.23995
505.972685,199,3385.84226
81.966961,83,3387.862553
87.037195,52,3388.047437
96.217252,85,3388.241417
90.90756,48,3388.491529
37.809219,46,3388.650571
893.253778,372,3391.854808
505.508621,199,3392.50204
937.562937,388,3393.678558
296.202664,179,3394.250219
857.419687,444,3397.8119
72.740372,67,3398.00147
237.637188,174,3400.353523
565.390721,224,3400.909995
90.813298,48,3401.083505
108.507697,97,3401.35799
711.216624,285,3402.173663
800.816273,422,3406.014534
117.387781,100,3406.348572
756.307894,320,3407.31626
712.437165,291,3408.13549
412.096543,244,3410.702217
713.261639,284,3413.897935
713.895538,286,3414.766478
48.345614,56,3414.941509
92.381319,43,3415.109516
413.734575,235,3415.852547
505.242892,212,3416.457618
413.635604,263,3417.145796
565.340346,228,3420.349638
106.188805,83,3420.653053
108.841746,105,3421.015138
151.15355,123,3421.32358
48.860298,61,3421.54198
181.487184,128,3423.701147
566.721795,231,3424.351335
713.645067,282,3425.16435
506.055842,194,3428.142476
119.318714,104,3428.448125
1080.34415,434,3429.721885
412.078576,246,3430.487492
713.981049,278,3431.288268
-8.043551,1,3431.315872
565.808248,222,3435.981409
505.852308,280,3436.800036
711.403942,288,3437.542876
210.552179,147,3437.972987
253.869225,173,3438.495925
713.191751,281,3441.839281
505.692147,195,3442.477628
82.885085,59,3442.696892
565.721841,237,3443.373826
16.5279,33,3443.495213
1080.79316,453,3446.658884
566.59363,226,3449.500646
7.046765,32,3449.599525
412.892955,236,3450.334211
566.324235,233,3450.980401
428.749951,251,3451.831553
755.811818,320,3452.732788
414.66031,256,3455.391834
143.030456,117,3455.795633
413.071356,238,3456.513026
808.272212,425,3459.542799
894.849971,352,3463.090041
414.187092,269,3463.81656
295.853745,185,3464.335016
412.636448,260,3465.102861
505.002358,207,3465.671663
566.422076,223,3466.344593
565.457582,234,3470.75276
186.60949,143,3471.17579
220.636267,159,3471.655566
-16.081979,1,3471.67969
412.567858,243,3472.371884
430.960306,242,3473.126064
7.961638,39,3473.225045
273.028909,181,3473.740085
565.671976,230,3475.708143
754.270779,330,3476.77427
8.193114,30,3476.851669
893.060522,371,3479.690898
90.341832,52,3479.895086
210.633596,158,3480.323712
476.098888,276,3483.940521
154.781873,123,3484.288547
475.401416,284,3485.094631
23.430951,43,3485.257491
320.58141,189,3485.819016
81.5526,59,3486.000963
1079.94255,452,3488.903645
155.251129,122,3489.271083
419.109875,253,3490.022939
-8.040325,1,3490.053094
62.514367,84,3492.092799
412.143207,246,3492.764279
154.883809,119,3493.128656
893.531624,368,3494.264148
713.165855,275,3497.845679
895.334446,378,3499.073143
566.128854,231,3499.683481
295.490723,188,3500.26562
243.441384,150,3500.620631
626.598104,347,3506.452275
410.688662,245,3507.095212
504.248979,201,3507.666969
302.551949,184,3508.293212
807.790491,404,3512.161869
421.787998,250,3512.960156
1081.081515,430,3514.194284
895.384683,371,3517.045296
257.256468,183,3520.585433
1078.975094,463,3521.945896
210.508501,158,3522.347756
566.112275,228,3523.167677
7.726376,35,3523.279819
118.440211,105,3523.549371
4.556772,49,3523.688799
274.108608,199,3527.086447
455.871129,280,3529.823952
894.064231,372,3530.958444
502.92186,208,3531.505782
566.213905,232,3532.250722
9.185761,37,3532.370518
201.324743,155,3534.580591
414.298634,239,3535.229787
564.933099,236,3535.84595
296.258493,177,3536.363185
503.874609,211,3536.984942
503.965564,196,3539.414171
-16.063885,1,3539.44361
6.882564,35,3539.579185
411.391901,249,3542.82385
504.347632,211,3543.393653
419.282349,270,3544.174104
895.604115,381,3545.34581
893.296981,374,3548.448749
895.994888,367,3549.419357
413.356427,258,3552.007425
712.37155,291,3552.794607
894.881613,369,3556.524086
712.444368,287,3557.306675
896.829901,364,3558.240658
97.027851,85,3558.519262
79.271799,76,3558.716155
91.989313,41,3558.842596
1081.114867,456,3564.548198
3.059799,34,3564.689223
710.963977,291,3565.547024
-16.049778,1,3565.577147
413.170253,235,3566.224001
411.933702,242,3566.87756
23.122171,41,3567.04597
893.681153,369,3570.706456
507.052355,284,3571.678703
73.283187,71,3571.909604
1079.402912,446,3575.277417
455.610465,282,3578.010866
937.334093,393,3579.163879
711.12845,291,3579.938987
605.859304,328,3580.851259
259.47733,168,3581.487399
505.052175,200,3584.615631
151.593338,118,3585.046841
271.253385,171,3585.557886
565.662704,231,3588.053622
90.60254,53,3588.208924
894.606556,349,3589.213748
503.685725,208,3592.150999
564.180087,230,3592.915498
711.563208,283,3593.675249
90.397193,61,3593.880788
412.480793,238,3594.583808
419.695105,272,3595.421057
564.400524,237,3600.326036
564.475461,225,3600.941272
1079.931677,456,3602.15109
893.702601,366,3603.172597
894.5851,363,3606.580323
1078.740731,457,3607.897079
505.447959,198,3610.321119
432.361368,259,3611.020612
-16.068575,1,3611.040157
503.963812,200,3614.382888
414.448917,239,3615.034568
236.660867,162,3615.498238
411.673636,236,3616.14919
405.309991,250,3616.913285
801.141496,407,3620.456288
505.117237,196,3621.066097
711.355153,283,3623.685354
1078.446698,451,3624.950763
565.252394,228,3628.109111
428.666347,245,3628.875812
429.255815,249,3629.631168
504.365061,207,3630.315435
463.909121,293,3631.118669
98.394436,81,3631.380979
894.794457,367,3636.438368
1080.580159,465,3637.764802
938.947557,385,3638.881069
115.865634,104,3639.180525
90.855579,50,3641.599187
504.752835,196,3642.110149
567.732358,224,3642.728587
256.320452,180,3643.288443
67.208752,73,3643.476325
1078.901647,458,3646.646331
894.971469,355,3650.046153
1079.100381,456,3651.237096
468.284265,288,3652.153584
896.402406,367,3655.44268
1080.068872,447,3658.546155
565.844218,235,3659.189048
794.7834,403,3660.407894
894.981144,369,3663.679781
-16.050262,1,3663.70371
88.422756,68,3663.952068
893.948379,364,3665.097241
1081.403881,444,3668.275178
711.842693,280,3671.334478
564.158507,232,3671.956333
80.507315,74,3672.212559
895.080966,358,3673.20632
341.323132,214,3673.777611
66.192026,65,3674.019705
895.083741,360,3677.684746
504.675896,204,3678.325388
1080.097515,458,3681.503614
896.077451,380,3684.693714
565.671497,236,3685.419732
938.477761,387,3686.491091
711.424475,291,3687.328202
89.661601,69,3687.568672
89.925852,57,3687.738904
565.134761,225,3690.977234
1080.994288,442,3694.128716
937.647155,395,3695.232232
563.304916,237,3695.94576
755.614779,331,3699.625386
232.186551,166,3700.108028
336.698427,225,3700.851712
73.983275,71,3701.027676
894.160012,368,3703.877566
895.726592,378,3707.434545
714.944488,277,3708.186
1081.058043,447,3709.448982
431.704935,262,3710.24073
90.133942,52,3712.511956
937.291448,407,3713.75326
90.978096,46,3713.884444
154.487652,125,3716.030193
754.131755,344,3716.961529
411.810881,253,3717.741639
503.830412,212,3720.614262
711.822762,288,3721.404551
504.289086,207,3721.986072
88.542191,65,3722.222127
864.534715,448,3723.55329
712.297529,290,3728.303098
566.405644,231,3728.962783
230.886926,160,3729.372755
565.684177,225,3729.99215
940.183692,395,3731.124312
1078.507495,455,3734.779293
502.036393,210,3735.465414
80.480725,64,3735.618496
88.341288,64,3735.876805
92.230915,42,3735.997785
129.596804,109,3736.355077
158.495067,131,3738.658045
369.8452,228,3742.780012
92.098779,44,3742.914919
81.845894,84,3743.149261
894.98619,358,3744.213059
895.400832,358,3745.10696
623.382275,352,3746.095324
894.304356,378,3749.819666
415.057074,253,3752.378402
897.627305,365,3753.38925
1081.226658,452,3757.736294
228.2702,156,3758.199324
231.406559,161,3758.678195
565.181204,233,3759.344849
14.686877,42,3759.446008
564.518465,234,3760.209747
80.600129,62,3760.431631
713.316292,288,3765.528623
894.555358,364,3766.600161
504.616402,200,3767.150972
149.845933,118,3767.522859
457.118801,297,3768.354296
712.674716,287,3771.541529
503.414264,210,3772.10747
273.511375,194,3772.645019
311.459002,196,3773.200703
411.660362,243,3775.800705
80.700893,82,3776.059662
894.829271,375,3779.680536
565.273676,225,3780.335093
893.659285,360,3781.370301
413.716615,246,3782.038
564.522786,231,3782.710601
295.185489,181,3785.975455
62.230719,62,3786.189083
564.766504,231,3788.70768
1078.707999,447,3789.982282
209.601837,158,3790.409142
78.897428,70,3790.649137
411.593438,248,3793.633822
1080.440309,434,3794.908283
564.686422,237,3795.621225
564.345905,230,3796.231522
504.152903,198,3798.658085
1082.813583,441,3802.841802
939.013709,396,3803.983853
713.292928,287,3804.82624
-8.047457,1,3804.851566
37.285058,51,3805.038896
151.007009,124,3807.713841
710.859818,285,3808.546882
234.934354,168,3808.98448
110.096783,102,3809.322647
430.004058,243,3811.740973
564.743355,228,3812.426403
-16.063202,1,3812.449963
413.803336,238,3815.162096
807.658209,415,3816.285999
104.864064,97,3816.57618
712.360741,282,3817.308175
1078.675221,472,3821.237858
711.054794,287,3823.847664
200.175952,137,3824.262461
107.20271,72,3824.448446
895.327456,375,3825.478886
566.702327,232,3826.093755
623.86849,345,3829.64354
104.31581,86,3829.905796
937.689197,394,3831.051054
713.097314,290,3831.835502
117.354611,99,3833.986115
1082.517163,429,3837.809243
91.607404,47,3838.001497
91.640325,45,3838.117296
504.205569,198,3838.644164
428.744754,251,3839.393781
563.166723,229,3840.057403
174.308215,120,3840.472051
90.849744,47,3840.594079
108.360157,100,3843.63034
755.294725,330,3844.608906
82.300763,84,3844.842493
141.17317,115,3845.133135
503.539017,198,3847.54144
203.082302,152,3848.036896
895.585988,369,3851.405067
711.430917,290,3852.217721
459.909409,271,3852.994565
438.733258,253,3853.911222
445.22302,277,3854.795258
711.011491,289,3860.086319
428.541,244,3860.821678
753.742862,335,3861.735688
505.449545,199,3862.342568
155.261788,113,3862.689509
712.848541,286,3866.472884
566.805554,228,3867.145363
1080.978374,450,3868.573607
123.738063,107,3868.880147
895.970906,366,3873.614354
347.321677,207,3874.328565
643.216495,340,3875.372003
563.617768,228,3876.085159
93.202486,42,3876.218455
110.020079,97,3876.526367
304.715331,185,3877.116479
53.851625,57,3877.359155
97.092026,67,3877.538006
392.346174,231,3880.646667
402.585794,232,3881.37866
565.752469,225,3883.811426
101.679224,84,3884.067811
893.660009,378,3885.117676
938.873627,403,3888.784509
1082.561199,431,3890.027384
303.038015,183,3890.571886
938.162427,383,3896.127539
937.863953,392,3897.144048
89.765953,47,3897.273364
290.671446,189,3897.859045
92.777634,41,3897.965377
1081.911926,442,3899.232589
411.461922,248,3901.869832
712.435706,283,3902.71726
548.629129,315,3903.652832
14.370594,43,3903.816158
895.579978,355,3906.674402
713.919119,293,3910.161623
91.969561,48,3910.381625
242.494043,176,3910.918052
938.856649,380,3911.963588
502.805251,207,3912.507924
-1.989168,28,3912.58301
295.411025,184,3913.126758
185.6647,141,3915.648358
89.747262,48,3915.830855
422.064218,259,3918.38323
713.697287,290,3919.237034
92.284109,38,3919.396543
789.683673,421,3920.654589
1080.059202,452,3924.977304
96.579589,63,3925.15578
565.378777,228,3925.853897
564.458932,232,3926.569475
270.462896,168,3927.143699
92.415689,43,3927.337344
84.961565,88,3929.449864
895.193183,353,3932.88974
116.501627,104,3933.164285
714.215568,286,3933.996683
504.375956,207,3934.644655
101.668029,88,3934.897072
108.401792,60,3935.106645
711.212746,289,3938.416393
267.920762,167,3938.980577
713.174223,274,3939.680517
119.083632,98,3939.98382
93.68235,38,3940.109493
566.106768,231,3942.624984
755.666811,322,3943.475531
714.889162,282,3946.829327
566.100173,223,3947.443024
398.959181,248,3948.270744
895.069729,369,3949.291132
256.881838,179,3952.118603
481.499728,277,3954.773527
115.618669,100,3955.1791
894.90732,360,3956.212204
92.770166,45,3956.318527
92.17778,41,3956.421935
940.126207,391,3957.55598
504.536807,211,3960.886158
712.797254,282,3961.661978
254.844946,175,3962.176333
296.306901,184,3962.771758
-16.065294,1,3962.797283
711.980113,303,3965.632232
119.652808,100,3965.970745
14.046395,30,3968.523682
8.049706,37,3968.618937
312.256098,179,3969.10201
412.82258,246,3969.843673
260.936054,178,3970.356848
505.187138,199,3970.894555
116.4738,107,3971.213989
91.249082,48,3971.365308
185.178308,146,3971.750143
895.587012,357,3975.218277
14.844022,40,3975.304826
1080.737955,456,3978.322618
343.933949,222,3979.085209
504.925133,200,3979.615765
81.036293,55,3979.840748
467.688288,299,3983.813885
565.501441,227,3984.591377
505.154303,201,3985.16246
713.213396,298,3986.011593
894.325474,377,3989.631314
144.58928,124,3991.80533
330.397475,210,3992.404271
312.189108,196,3992.97329
237.253199,173,3993.386753
502.562232,210,3994.016088
79.21098,71,3994.211293
209.973817,153,3997.033431
565.124281,234,3997.707716
712.306922,292,3998.478256
412.274749,240,3999.245515
102.055986,82,3999.505677
1081.297445,454,4005.282328
222.990187,161,4005.931763
2.753918,28,4006.005675
503.100722,205,4006.597766
712.979499,289,4007.386596
566.092879,226,4008.004994
14.556583,42,4008.135202
755.416531,335,4012.298437
420.657596,263,4013.089746
107.560596,68,4013.285174
414.134222,236,4015.740135
789.570964,396,4016.861589
710.461646,290,4020.356781
1080.808967,443,4021.688488
82.338927,53,4021.847956
1078.248792,468,4023.145129
1080.8307,445,4028.965316
860.91558,436,4030.192771
115.850335,99,4030.469189
339.541858,218,4031.158471
712.311571,285,4034.521043
504.529879,205,4035.072572
428.935784,243,4035.788193
503.708314,214,4036.420841
713.463611,289,4038.985659
1082.025929,438,4042.465131
406.857415,252,4043.280379
463.598601,282,4044.006406
92.516546,43,4044.163576
711.188279,285,4044.952154
20.017456,44,4045.093956
-8.059928,1,4045.118266
505.262818,198,4048.725319
504.274182,202,4049.33549
280.505394,182,4051.703234
712.041607,287,4052.430231
83.219751,51,4052.572713
565.127077,242,4053.357209
411.262649,242,4056.664437
712.738814,286,4057.473294
286.463407,178,4057.993005
642.714296,348,4059.05043
294.085274,183,4059.478465
565.437729,238,4062.074627
896.823707,365,4066.1971
565.431389,227,4066.842229
411.786161,248,4067.558327
-8.021641,1,4067.585061
233.528974,163,4068.073778
564.073203,234,4068.825016
82.894965,54,4071.135008
504.340836,206,4071.677702
754.784499,320,4072.63104
224.726301,167,4073.032958
504.503463,209,4075.477968
210.613871,149,4075.88625
211.255786,154,4076.346138
755.469636,315,4080.040182
93.345267,37,4080.161351
503.251864,204,4080.807034
893.166258,373,4081.834264
2.977431,32,4081.926986
504.85504,199,4082.525383
712.884794,286,4085.429969
939.513445,393,4088.414153
151.504293,116,4088.714262
447.932694,268,4089.450048
82.133812,48,4089.632364
565.110708,230,4090.276873
149.760533,111,4092.405146
1080.375889,449,4093.739693
503.611506,209,4094.416138
21.996481,42,4094.538152
89.995628,43,4094.654166
896.596016,360,4097.502432
421.512441,242,4100.854227
711.675421,275,4101.802215
92.874514,41,4101.924891
402.518614,230,4102.505219
335.218623,219,4103.157919
122.580881,100,4103.583231
81.322344,69,4103.788361
627.489608,340,4107.539758
279.175727,193,4108.066953
1078.277624,460,4111.236288
712.477476,283,4112.065039
413.036906,237,4115.601123
212.384608,148,4116.115065
420.226876,247,4116.876349
712.840145,284,4117.807941
1079.780658,459,4120.968666
712.555544,289,4123.532393
1079.544618,461,4124.799821
421.81241,246,4125.549152
563.801189,226,4126.177305
427.196372,262,4129.764902
78.339504,77,4129.986559
411.054828,277,4130.800472
755.055013,326,4131.75227
412.359031,234,4134.187196
711.983468,279,4137.980926
1079.940874,443,4139.400119
506.483535,199,4139.998768
219.575625,151,4140.398295
711.672557,290,4143.524811
155.630142,120,4143.841869
506.840421,276,4144.697078
231.870744,167,4147.039285
47.906649,60,4147.174797
755.215325,329,4148.110799
-16.053825,1,4148.136919
118.068384,100,4148.429188
-4.261749,30,4148.568277
711.612082,279,4151.69181
418.442208,246,4152.310756
565.234512,234,4152.98088
211.229093,147,4153.391269
711.666132,286,4154.247731
279.729036,192,4157.524573
503.589125,198,4159.998014
1079.249276,455,4161.370589
892.621708,375,4162.516575
711.877124,287,4166.075897
295.141617,179,4166.611066
711.641208,283,4167.441073
9.129907,35,4167.592774
894.881055,370,4170.478992
91.307378,48,4170.672961
80.577173,53,4170.855534
63.925796,66,4171.025616
314.992412,187,4174.056754
1078.408432,455,4175.397743
893.853891,373,4176.446703
608.786534,336,4177.335359
1080.065278,443,4181.008016
566.089647,223,4183.452943
448.606732,280,4184.263812
565.781992,225,4184.883281
203.199178,136,4188.197127
1080.173899,450,4189.462699
754.137778,333,4190.418621
113.963746,90,4190.694275
562.820992,237,4191.309175
7.697653,37,4191.430264
565.437709,226,4196.553673
893.040843,362,4197.467866
152.310457,121,4197.853965
1080.221937,446,4199.066801
504.694267,205,4202.228514
242.958041,152,4202.701444
-16.043259,1,4202.731861
755.60549,330,4203.633438
222.621432,159,4204.020561
282.869602,174,4206.321051
626.555924,338,4207.375029
341.659833,225,4210.195076
294.890006,180,4210.767854
502.069286,212,4211.375398
712.786015,277,4212.196576
935.405297,397,4213.352548
414.745984,259,4217.416807
566.111547,228,4219.819911
1080.394479,442,4221.161246
505.323535,198,4221.689665
1079.625621,446,4225.890944
937.838138,391,4227.072474
503.343453,200,4227.556572
196.492653,148,4227.987303
280.418632,180,4230.314073
428.882758,247,4233.678737
786.2359,409,4234.834382
295.104691,185,4235.36408
91.248004,42,4235.516368
272.609637,184,4236.095042
418.35793,268,4239.439663
142.564441,114,4239.756036
211.387521,153,4240.154814
14.911771,41,4240.308591
896.784498,353,4243.151203
429.313639,244,4243.792105
414.957042,245,4244.510982
286.542589,179,4247.660993
431.747069,272,4248.380751
713.804765,278,4249.261932
566.037624,237,4249.877764
503.603697,212,4250.577364
117.472389,104,4250.857689
286.639566,170,4254.420884
1079.407101,457,4257.714037
11.337645,111,4258.020957
627.220737,334,4258.906102
503.970668,207,4259.546142
116.717186,102,4262.042784
564.439455,225,4262.633797
1080.022823,436,4263.893767
754.505457,322,4266.590057
710.943425,282,4269.506108
893.292354,358,4270.574558
-8.062392,1,4270.59987
896.406841,368,4271.550581
444.238594,282,4272.435699
564.247838,231,4276.432229
502.941521,197,4277.107115
754.890395,331,4279.933083
505.225467,210,4280.466771
936.776693,397,4281.631231
47.141234,59,4284.674538
294.647807,189,4285.227157
222.936572,166,4285.755866
99.956654,84,4285.977981
412.210126,237,4286.671528
564.563482,238,4287.38452
263.668408,182,4287.877354
755.391245,326,4293.385459
897.142905,359,4294.369324
755.538451,326,4295.342654
47.292999,55,4295.504914
273.325055,191,4296.082202
504.703636,202,4299.073483
605.061913,315,4300.007778
437.912144,270,4300.841011
712.196,278,4303.450676
343.067979,208,4304.106367
504.265182,205,4307.400977
504.340511,212,4308.011024
3.229593,28,4308.121094
566.061225,231,4308.710714
755.222254,326,4309.648489
412.148812,245,4310.282171
564.671027,233,4313.708245
420.888115,264,4314.443524
626.509664,340,4317.266013
91.936819,41,4317.367621
1079.525941,467,4321.07632
212.036082,141,4321.512192
285.614848,210,4322.273175
186.574625,148,4322.67578
564.916278,227,4323.265038
936.783916,392,4324.505467
1080.960223,438,4329.46263
82.667838,81,4329.683832
712.970331,288,4330.475273
567.412678,227,4331.12029
565.862023,235,4331.807356
206.438238,139,4334.766971
1080.589263,435,4336.002727
81.301155,62,4336.162861
753.754169,337,4339.022562
268.547544,197,4339.521853
186.630566,149,4339.900394
462.338629,305,4343.219873
-8.048368,1,4343.245157
755.076097,323,4344.183176
755.656413,322,4345.182188
80.030364,52,4345.307907
713.337694,285,4348.275709
